"Site"	"n"	"L"	"C"	"Modularity"	"Mean_trophic_level"	"Mean_Omnivory_Index"	"Richesse_spe"	"Reseau"	"Bois"	"Cultures"	"Prairies"	"Surf_Urbanisees"	"Longueur_haies"	"Nb_de_mares"	"Vegetation_aquatique"	"Perimetre"	"Surface"	"Pente_en_rive_moyenne"	"Profondeur_maximum"	"Ecrevisses"	"Poissons"	"Hydroperiode"	"Anthropique"	"Ripysylve"	"Distance"
"1"	"100"	22	147	0.303719008264463	0.0677984429065744	3.04442147846506	0.626185141308018	22	"Briere"	0.037828692	0.285287742	0.554322988	0.028634105	1987.679437	0	"intermediaire"	37.38	87.15	21.8	1.2	0	0	"Permanent"	"Agricole"	10	600.26552984
"2"	"101"	25	189	0.3024	0.0281064088696592	3.00821374372887	0.621399786642728	25	"Briere"	0.046113988	0.296274602	0.597429248	0.026819522	1356.661423	1	"beaucoup"	95.43	484.44	19.54	1.2	0	0	"Permanent"	"Agricole"	50	369.584276851
"3"	"1011"	7	10	0.204081632653061	0.195	1.61309523809524	0.103918650793651	7	"Briere"	0.051968793	0.057297595	0.641160666	0.216715066	1213.774599	2	"peu"	81.87	348.02	16.04	0.4	0	1	"Temporaire"	"Recreationnel"	30	446.811718668
"4"	"1016"	23	149	0.281663516068053	0.0498890817901234	2.42728299700819	0.255457319450042	23	"Briere"	0.424565654	0.254446551	0.257066864	0.035720376	489.9941207	3	"peu"	146.56	1079.13	20.35	1	1	0	"Permanent"	"Recreationnel"	95	606.372590732
"5"	"1038"	21	115	0.260770975056689	0.0627685950413222	2.57663870817279	0.379836677492868	21	"Mes"	0.085426859	0.302328369	0.376948625	0.177097769	1524.011903	3	"beaucoup"	35.53	82.22	29.9	3.69939854	1	0	"Permanent"	"Recreationnel"	NA	2169.83644975
"6"	"1038bis"	21	112	0.253968253968254	0.074181203275187	2.57643795586735	0.475171212208082	21	"Mes"	0.090478864	0.316133551	0.357603816	0.171891432	1627.795889	5	"intermediaire"	43.08	108.86	15.82	0.7	1	0	"Permanent"	"Recreationnel"	NA	2173.93975892
"7"	"104"	18	89	0.274691358024691	0	2.56362173516723	0.46192809697139	18	"Briere"	0.245368627	0.286136331	0.075456337	0.020280111	1359.721057	1	"intermediaire"	26.27	52.27	16.04	0.6	1	0	"Temporaire"	"Agricole"	NA	7.70789835116
"8"	"1040"	11	32	0.264462809917355	0.08544921875	1.94251082251082	0.21839864229025	11	"Briere"	0.06192122	0	0.625990328	0.01584028	1995.787044	2	"peu"	173.7	2142.52	16.92	2.509043622	1	1	"Permanent"	"Agricole"	10	9.68302464485
"9"	"105"	8	18	0.28125	0.123456790123457	1.75807291666667	0.219901557074653	8	"Briere"	0.33479565	0.194832657	0.395733099	0.029719842	1528.128917	1	"peu"	30.81	61.88	35.47	1.4	0	0	NA	"Agricole"	NA	170.176153905
"10"	"106"	12	37	0.256944444444444	0.13265306122449	2.32245762711864	0.414123489423648	12	"Briere"	0.533833138	0	0.166428135	0.013492135	267.7129403	0	"beaucoup"	15.85	15.39	15.38	0.3	1	0	"Temporaire"	"Agricole"	NA	42.1817620955
"11"	"107"	6	5	0.138888888888889	0.22	1.54166666666667	0.114583333333333	6	"Briere"	0.604229829	0	0.048678276	0.000142924	0	4	"intermediaire"	14.68	13	20.56	0.5	1	0	"Temporaire"	"Agricole"	NA	46.3635255232
"12"	"108"	10	27	0.27	0.0493827160493827	1.96898148148148	0.201460601708962	10	"Briere"	0.208107811	0.416476998	0.092616778	0.058284363	917.9703744	4	"peu"	53.07	189.4	11.77	0.9	1	0	"Temporaire"	"Recreationnel"	95	601.842205373
"13"	"109"	12	36	0.25	0.046938775510204	2.12007936507937	0.296003123561677	12	"Briere"	0.194484517	0.346211442	0.153071601	0.102928066	1058.855164	1	"beaucoup"	64.42	261.14	29.08	1.1	0	0	"Permanent"	"Recreationnel"	20	506.954534728
"14"	"111"	16	65	0.25390625	0.0767195767195766	2.15212035707818	0.288917390517055	16	"Briere"	0.173260785	0.333594073	0.261815091	0.0828384	1430.709483	2	"peu"	21.59	34.11	21.18	0.5	1	0	"Temporaire"	"Agricole"	40	556.036919123
"15"	"112"	29	214	0.254458977407848	0	2.55061718340756	0.285102516889224	29	"Briere"	0.046931553	0.006661375	0.814268946	0.025453363	1617.825203	3	"intermediaire"	53.09	179.28	8.53	0.25	1	0	"Permanent"	"Agricole"	30	181.562088195
"16"	"1123"	13	44	0.260355029585799	0.060302866414278	2.24963783862089	0.342991402920087	13	"Briere"	0.262353768	0.097109125	0.14960703	0.005330751	342.930408	2	"beaucoup"	358.57	7022.79	9.69	2.983101387	1	1	"Permanent"	"Agricole"	0	0
"17"	"114"	10	24	0.24	0.0616319444444444	1.95034722222222	0.204671927244084	10	"Briere"	0.036648079	0.530458088	0.352899753	0.024916902	2179.593339	3	"peu"	45.67	134.97	24.62	1.25	0	0	"Temporaire"	"Agricole"	100	911.407444709
"18"	"1141"	10	23	0.23	0.0529300567107751	1.97888888888889	0.178997942386832	10	"Briere"	0.162718768	0.174214402	0.262489216	0.144198906	481.828879	2	"beaucoup"	59.05	227	13.13	0.75	0	0	"Permanent"	"Recreationnel"	NA	1031.61706663
"19"	"115"	22	132	0.272727272727273	0	3.0368916813392	0.644710354723301	22	"Briere"	0.045445132	0.483904386	0.38008965	0.027824275	2547.248535	3	"intermediaire"	61.51	204.7	34.99	2.2	0	0	"Permanent"	"Agricole"	45	969.682990291
"20"	"116"	6	5	0.138888888888889	0.22	1.54166666666667	0.114583333333333	6	"Mes"	0.142898171	0.229496371	0.215136133	0.122165345	697.3736081	1	"peu"	94.39	401.67	23.03	0.75	0	1	"Permanent"	"Recreationnel"	NA	1238.47367734
"21"	"1178"	10	26	0.26	0.0502958579881658	1.94166666666667	0.155443948412699	10	"Briere"	0.318068057	0.138828172	0.449840784	0.042266833	398.1906515	2	"intermediaire"	82.27	340.82	12.68	0.5	1	1	"Permanent"	"Agricole"	50	17.9188097598
"22"	"1179"	10	24	0.24	0.184027777777778	1.89756944444444	0.180394904996142	10	"Briere"	0.345713257	0.148975167	0.268695028	0.01747242	509.9431604	6	"beaucoup"	256.61	3881.87	8.53	2.178402832	1	1	"Permanent"	"Agricole"	0	0
"23"	"118"	10	22	0.22	0.0770975056689341	1.92978927203065	0.243369133600505	10	"Briere"	0.012859528	0.059560412	0.478792177	0.015766512	1412.803095	0	"intermediaire"	98.78	431.34	12.13	0.35	1	0	"Permanent"	"Agricole"	20	0
"24"	"1180"	5	6	0.24	0	1.325	0.134375	5	"Briere"	0.00069588	0.179424358	0.74224704	0.016422427	1677.037142	1	"peu"	58.29	234.29	25.99	0.9	0	0	"Permanent"	"Recreationnel"	100	327.062643482
"25"	"119"	6	9	0.25	0	1.44166666666667	0.160916666666667	6	"Briere"	0.602306733	0.014842287	0	0.004233578	0	4	"peu"	57.2	132.77	20.14	0.95	1	1	"Temporaire"	"Agricole"	50	9.66767332478
"26"	"1199"	12	40	0.277777777777778	0.03875	2.10942150297619	0.196422042093775	12	"Briere"	0.230328379	0.066086048	0.18886701	0.009167783	0	3	"intermediaire"	87.25	576.43	9.93	0.7	1	1	"Permanent"	"Agricole"	10	0
"27"	"120"	7	8	0.163265306122449	0.3671875	1.58333333333333	0.168320105820105	7	"Briere"	0.208156021	0	0.040318009	0	0	4	"peu"	12.87	9.58	8.53	0.4	1	0	"Temporaire"	"Agricole"	100	23.5549864077
"28"	"1203"	15	57	0.253333333333333	0.146205357142857	2.25161220043573	0.307286156433927	15	"Briere"	0.187838214	0	0.57784872	0.017234176	1762.173088	1	"beaucoup"	83.62	118.25	9.23	0.4	1	1	"Temporaire"	"Agricole"	100	42.8237750817
"29"	"120bis"	8	10	0.15625	0.12	1.84375	0.12890625	8	"Briere"	0.204517451	0	0.04097899	0	0	4	"peu"	26.73	41.56	14.04	0.65	1	0	"Temporaire"	"Agricole"	NA	28.3372066841
"30"	"121"	8	10	0.15625	0.315	1.75	0.169921875	8	"Briere"	0.189568614	0	0.040128602	0	0	4	"peu"	87.03	155.06	11.59	0.45	1	0	"Temporaire"	"Agricole"	100	18.047843799
"31"	"122"	9	15	0.185185185185185	0.288265306122449	1.87865497076023	0.224442136041858	9	"Briere"	0.191035573	0	0.021558023	0	0	4	"peu"	24.49	39.15	13.36	0.45	1	0	"Temporaire"	"Agricole"	100	27.7512937314
"32"	"122bis"	8	10	0.15625	0.315	1.75	0.169921875	8	"Briere"	0.186226523	0	0.018985477	0	0	2	"peu"	35.63	84.96	16.04	0.7	1	0	"Temporaire"	"Agricole"	NA	17.7211763309
"33"	"123"	5	7	0.28	0	1.28	0.1806	5	"Briere"	0.030783777	0.049111736	0.231553555	0.42228546	308.2160749	2	"peu"	77.38	393.36	18.97	1.1	1	0	"Permanent"	"Recreationnel"	NA	627.369908078
"34"	"125"	5	3	0.12	0	1.4	0.125	5	"Mes"	0.139504781	0.082316146	0.347636859	0.06362193	757.2567308	2	"peu"	11.63	7.3	14.04	0.6	0	0	NA	"Agricole"	NA	923.469212346
"35"	"126"	6	10	0.277777777777778	0	1.46354166666667	0.198689778645833	6	"Mes"	0.089857993	0.200870261	0.239549452	0.379813808	1516.483963	3	"beaucoup"	82.57	427.56	17.74	0.8	0	0	"Permanent"	"Recreationnel"	NA	1820.44004602
"36"	"127"	6	7	0.194444444444444	0	1.5	0.190586419753086	6	"Mes"	0.141835654	0.128070126	0.247696052	0.355700655	1201.303086	3	"beaucoup"	46.42	144.67	29.18	0.9	0	0	NA	"Recreationnel"	NA	1952.65352252
"37"	"128"	6	6	0.166666666666667	0	1.27083333333333	0.111979166666667	6	"Mes"	0.169254328	0.432162366	0.309211724	0.01813304	987.923048	5	"peu"	33.78	75.33	41.99	1.6	0	1	"Permanent"	"Agricole"	NA	1878.64988552
"38"	"129"	10	29	0.29	0	1.88723958333333	0.225740434309092	10	"Mes"	0.204658508	0.300487918	0.282518122	0.015941936	1489.963819	3	"beaucoup"	77.48	217.2	8.18	0.3	1	0	"Temporaire"	"Agricole"	NA	1727.4482415
"39"	"131"	7	14	0.285714285714286	0.150887573964497	1.67602040816326	0.236320912293488	7	"Mes"	0.290746847	0.459936474	0.094344071	0.016327443	567.4815493	5	"intermediaire"	31.86	72.99	11.31	0.5	0	0	NA	"Agricole"	NA	1536.91476205
"40"	"132"	9	20	0.246913580246914	0.10875	1.85555555555555	0.172882962962963	9	"Mes"	0.298785278	0.450416118	0.099682436	0.014804864	532.579637	1	"beaucoup"	32.99	55.93	11.31	0.3	1	0	NA	"Agricole"	NA	1534.08199085
"41"	"134"	8	15	0.234375	0	1.8421875	0.19339453125	8	"Mes"	0.042981658	0.745450679	0.153609535	0.018675607	803.8133911	2	"peu"	37.4	77.93	7.13	0.6	0	0	NA	"Agricole"	NA	1811.75982792
"42"	"136"	8	16	0.25	0	1.82942708333333	0.17185804578993	8	"Mes"	0.045492705	0.361508108	0.442727153	0.034487191	1201.794939	2	"peu"	51.97	156.46	36.56	1.25	0	0	NA	"Agricole"	NA	1828.5575051
"43"	"140"	8	17	0.265625	0.150519031141869	1.65277777777778	0.204931327160494	8	"Mes"	0.166871648	0.149759238	0.124728624	0.080326171	930.4962901	2	"peu"	43.7	128.94	12.23	0.35	1	1	"Permanent"	"Agricole"	NA	2660.08490189
"44"	"141"	17	80	0.27681660899654	0	2.41888503415381	0.475545252041281	17	"Mes"	0.189935662	0.16342379	0.394342295	0.056803151	1180.58004	1	"peu"	47.65	126.51	26.18	1.25	1	0	"Permanent"	"Agricole"	NA	2526.25784383
"45"	"142"	7	11	0.224489795918367	0.214876033057851	1.58333333333333	0.225611772486772	7	"Mes"	0.054312791	0.68052523	0.086764335	0.084137212	1020.115202	1	"beaucoup"	45.94	149.86	21.39	1.15	0	0	NA	"Agricole"	NA	2358.11843247
"46"	"143"	7	10	0.204081632653061	0	1.58730158730159	0.243018812463257	7	"Mes"	0	0.25327107	0.210908373	0.306838165	1517.405199	1	"peu"	19.76	28.03	35.94	1.8	1	0	NA	"Recreationnel"	NA	1385.76458499
"47"	"144"	8	18	0.28125	0	1.79485294117647	0.284512543252595	8	"Briere"	0.261104226	0.04597674	0.039592137	0.011845468	0	3	"beaucoup"	17.91	23.44	9.93	0.2	1	0	"Temporaire"	"Agricole"	0	0
"48"	"145"	9	19	0.234567901234568	0	1.83037037037037	0.21333536351166	9	"Mes"	0.10334643	0.541134471	0.102922265	0.14141357	1079.647026	0	"peu"	52.23	163.62	32.35	0.9	1	1	"Permanent"	"Recreationnel"	NA	1972.55700013
"49"	"146"	8	8	0.125	0.1796875	1.6875	0.18359375	8	"Briere"	0.017221275	0.259007619	0.345693865	0.30581935	1100.774184	2	"peu"	16.55	17.03	9.93	0.4	0	0	"Temporaire"	"Recreationnel"	NA	469.530307329
"50"	"147"	16	82	0.3203125	0	2.41963294826452	0.288840436631789	16	"Briere"	0.039912888	0.216873065	0.592013274	0.036565499	2352.129207	4	"beaucoup"	53.74	172.61	10.85	1.8	1	0	"Permanent"	"Recreationnel"	30	613.929024958
"51"	"2"	12	33	0.229166666666667	0.137281910009183	2.09283854166667	0.247358755313157	12	"Mes"	0.123774678	0.385861197	0.406902239	0.016427075	976.7104167	0	"beaucoup"	47.57	169.09	9.93	1	0	0	NA	"Agricole"	NA	2862.75789242
"52"	"22"	31	235	0.244536940686785	0.0692806922660897	3.16365535712763	0.650931580510132	31	"Mes"	0	0.540655651	0.219496703	0.210476406	1173.950146	0	"beaucoup"	171.8	536.44	16.26	1	0	0	"Temporaire"	"Agricole"	NA	1687.67640798
"53"	"24"	12	39	0.270833333333333	0.0356648199445982	2.1380303030303	0.229553475665748	12	"Mes"	0.089391463	0.312460703	0.385358229	0.104723093	1474.156785	3	"peu"	37.55	59.72	18	0.7	0	0	NA	"Agricole"	NA	1939.65183494
"54"	"25"	10	21	0.21	0.14875	2.06	0.234625	10	"Mes"	0.085776128	0.060294019	0.572982024	0.11589391	1818.685346	1	"peu"	86.22	495.21	18.78	0.9	0	1	"Permanent"	"Recreationnel"	NA	1852.7033659
"55"	"26"	11	35	0.289256198347107	0	2.04564935064935	0.214967389345348	11	"Mes"	0.081182676	0.680638647	0.064036123	0.049890318	885.6702586	2	"beaucoup"	35.46	79.05	11.31	0.25	0	0	"Temporaire"	"Agricole"	NA	2007.89845464
"56"	"27"	13	39	0.230769230769231	0.148148148148148	2.36468433527257	0.369129362453881	13	"Mes"	0.101551023	0.374555575	0.213128826	0.198574472	1674.209742	3	"peu"	146.84	1529.3	20.14	1.15	1	1	"Permanent"	"Recreationnel"	NA	1949.19032537
"57"	"28"	8	13	0.203125	0.162721893491124	1.75	0.168131510416667	8	"Mes"	0.032559035	0.524031971	0.371388336	0.025441684	1743.425945	1	"peu"	38.13	98.36	12.68	0.4	0	0	"Temporaire"	"Agricole"	NA	1753.18468913
"58"	"29"	20	107	0.2675	0.108764411794715	2.9451994396052	0.544296914775543	20	"Mes"	0.031536964	0.568142349	0.329269292	0.024232044	1765.610138	1	"beaucoup"	59.56	172.74	11.77	2.502809361	1	1	"Permanent"	"Agricole"	NA	1762.76700323
"59"	"3"	13	36	0.21301775147929	0.046938775510204	2.01085069444444	0.232376765790812	13	"Mes"	0.221683945	0.418372043	0.228091206	0.029515878	1873.364268	1	"intermediaire"	37.88	71.71	26.57	1.1	0	1	NA	"Agricole"	NA	2737.29876885
"60"	"30"	14	43	0.219387755102041	0.0405328798185942	2.17158092403628	0.281740307136928	14	"Mes"	0.042153082	0.293542398	0.283940908	0.225781747	2068.880893	2	"beaucoup"	124.66	746.98	20.77	3.606969523	1	1	"Permanent"	"Recreationnel"	NA	1429.42764475
"61"	"31"	13	37	0.218934911242604	0.130787037037037	2.24221351565101	0.312260069361974	13	"Mes"	0.049110182	0.092396797	0.341958923	0.251816666	1688.230245	2	"peu"	68.99	369.92	13.7	0.6	0	0	"Permanent"	"Agricole"	NA	1305.66245788
"62"	"32"	18	86	0.265432098765432	0.104453125	2.73912504272918	0.528904965138277	18	"Mes"	0.076873926	0.580824596	0.191506005	0.065290795	949.4198651	0	"beaucoup"	45.74	139.31	25.8	2.053657331	0	0	"Permanent"	"Agricole"	NA	1033.0827423
"63"	"33"	18	84	0.259259259259259	0.0948026215515927	2.35054622187776	0.249900786728691	18	"Mes"	0.185313346	0.293369397	0.215508253	0.192990664	859.1550699	5	"intermediaire"	83.37	392.27	24.94	0.85	1	1	"Permanent"	"Recreationnel"	NA	1317.37308727
"64"	"33bis"	12	49	0.340277777777778	0	2.32487059443074	0.447883386955002	12	"Mes"	0.273825854	0.363444244	0.155115501	0.088646913	665.7462595	4	"beaucoup"	43.17	103.9	10.85	0.5	0	0	"Temporaire"	"Agricole"	NA	1442.96071817
"65"	"34"	22	132	0.272727272727273	0.0483915033126153	3.011329444463	0.752565381061352	22	"Mes"	0.10290515	0.309730271	0.372401198	0.020408089	1839.419689	4	"intermediaire"	58.49	232.01	13.59	0.65	0	0	"Permanent"	"Agricole"	NA	1610.677584
"66"	"35"	13	36	0.21301775147929	0.0734693877551021	2.11875232255667	0.27285129987999	13	"Mes"	0.218539283	0.134214607	0.331198066	0.019596365	988.9920965	2	"peu"	72.83	293.49	24.52	0.8	1	1	NA	"Agricole"	NA	2557.06204303
"67"	"36"	23	154	0.291115311909263	0	3.05320935054308	0.761340840996723	23	"Mes"	0.054162301	0.341833208	0.435338545	0.017120198	1756.126562	4	"beaucoup"	49	142.51	9.93	1	0	0	"Permanent"	"Agricole"	NA	1619.28653284
"68"	"37"	24	158	0.274305555555556	0.011629013079667	3.04328146540366	0.653965911154024	24	"Mes"	0.115170566	0.332416109	0.371669102	0.045164678	1803.778139	4	"intermediaire"	38.28	67.78	19.29	1.439442206	0	1	"Permanent"	"Agricole"	NA	1521.42618238
"69"	"38"	10	25	0.25	0	1.99322916666667	0.171283185040509	10	"Mes"	0.118006425	0.383099682	0.104540994	0.181872478	1265.643042	3	"beaucoup"	57.55	210.35	25.99	0.7	1	1	"Permanent"	"Recreationnel"	NA	1133.76909159
"70"	"38bis"	13	48	0.284023668639053	0.168005671077505	2.29182357806646	0.335562912899093	13	"Mes"	0.256366385	0.333344304	0.175716049	0.094300302	757.4778301	4	"beaucoup"	87.39	325.56	32.62	0.95	0	0	"Permanent"	"Recreationnel"	NA	1420.93340795
"71"	"39"	12	42	0.291666666666667	0	2.10979166666667	0.220246809895833	12	"Mes"	0.081507924	0.315392475	0.407237621	0.018342367	1701.446471	4	"beaucoup"	19.17	26.13	7.13	0.25	0	0	"Temporaire"	"Agricole"	NA	1630.83195673
"72"	"4"	16	75	0.29296875	0.0888775510204082	2.50761313561096	0.371729560569847	16	"Mes"	0.092529953	0.489908141	0.310008713	0.060420786	1831.83659	2	"beaucoup"	36.36	79.88	9.93	0.55	1	0	"Temporaire"	"Agricole"	NA	2638.77480071
"73"	"40"	11	34	0.28099173553719	0.037629757785467	2.00515196608947	0.222540222430193	11	"Mes"	0.062835966	0.501599336	0.195574431	0.103393219	2497.328983	2	"beaucoup"	40.58	98.24	12.68	0.55	1	0	"Temporaire"	"Agricole"	NA	2247.03796012
"74"	"43"	12	33	0.229166666666667	0.044077134986226	2.00533854166666	0.208639359247117	12	"Mes"	0.006181293	0.387394047	0.171959087	0.360483967	1934.128216	2	"beaucoup"	36.52	70.98	15.38	0.6	0	0	"Permanent"	"Recreationnel"	NA	1659.19101317
"75"	"44"	20	122	0.305	0	2.92310692210454	0.670963120797282	20	"Briere"	0.097532439	0.595818268	0.112220236	0.099720366	1692.563192	1	"beaucoup"	39.38	98.61	8.53	0.8	0	0	"Temporaire"	"Agricole"	80	998.645216046
"76"	"45"	26	206	0.304733727810651	0.0810439560439561	3.50805806604525	1.01941947844469	26	"Mes"	0.116037877	0.779571952	0.019469897	0.038006224	1287.038568	0	"intermediaire"	52.98	126.96	14.04	1.5	0	1	"Permanent"	"Agricole"	NA	1504.75586927
"77"	"46"	24	191	0.331597222222222	0.00935374149659858	3.31942573413372	0.897342058629994	24	"Mes"	0.164305164	0.570515917	0.077634522	0.117176654	1867.143049	3	"beaucoup"	47.64	151.6	10.85	1.15	0	0	"Permanent"	"Agricole"	NA	1613.79553526
"78"	"47"	9	23	0.283950617283951	0.195652173913043	1.88618827160494	0.211863492905521	9	"Mes"	0.107896424	0.489756675	0.149044149	0.16448798	2299.404655	9	"peu"	141.13	1267.24	25.21	3.583260922	1	1	"Permanent"	"Recreationnel"	NA	1458.19720845
"79"	"48"	34	330	0.285467128027682	0.0311099166890622	2.95027008442002	0.477406809835083	34	"Mes"	0.119831247	0.58450692	0.1191825	0.087960801	2266.087036	6	"beaucoup"	52.57	165.59	13.13	1	0	0	"Permanent"	"Agricole"	NA	1383.70719645
"80"	"49"	15	65	0.288888888888889	0.0258844953173777	2.4605922400929	0.403201015105403	15	"Mes"	0.05575988	0.339743097	0.265239848	0.196448932	2104.969508	9	"peu"	44.82	113.85	34.02	5.697549495	1	0	"Permanent"	"Agricole"	NA	1417.79655435
"81"	"5"	18	88	0.271604938271605	0.106292517006803	2.64475816935637	0.430105487393447	18	"Mes"	0.017883039	0.302041602	0.360782171	0.260547017	899.3700041	0	"peu"	58.13	197.25	20.97	1.1	1	1	"Permanent"	"Recreationnel"	NA	2597.59890585
"82"	"50"	8	17	0.265625	0.076171875	1.86125886524823	0.253434654946934	8	"Mes"	0.01671099	0.295789566	0.310515821	0.254551349	1823.702148	8	"peu"	55.94	205.49	26.57	1.3	0	1	"Permanent"	"Recreationnel"	NA	1476.20471184
"83"	"51"	9	15	0.185185185185185	0.102040816326531	2.18518518518518	0.50977366255144	9	"Mes"	0.111113886	0.428607238	0.330418122	0.041454212	1932.876678	1	"peu"	72.49	242.85	13.59	0.75	0	1	"Permanent"	"Recreationnel"	100	1082.55662522
"84"	"52"	14	44	0.224489795918367	0.156571119524067	2.13779761904762	0.208050853587963	14	"Mes"	0.064351325	0.354559689	0.281657616	0.142964893	2384.494517	9	"peu"	31.19	58.34	18	0.6	0	0	"Temporaire"	"Agricole"	NA	1358.97922352
"85"	"53"	10	35	0.35	0	2.36858714087475	0.634352751998576	10	"Mes"	0.020510329	0.268215824	0.347111896	0.228160838	1927.557859	9	"beaucoup"	78.19	316.16	11.65	2.290107947	0	0	"Permanent"	"Recreationnel"	NA	1428.72544167
"86"	"54"	10	30	0.3	0	1.97734375	0.232188972627769	10	"Mes"	0.088139313	0.196972222	0.449751387	0.103380649	2193.17274	8	"peu"	51.99	115.49	8.53	0.55	1	0	"Temporaire"	"Recreationnel"	NA	1310.50162205
"87"	"55"	7	9	0.183673469387755	0	1.76190476190476	0.135912698412698	7	"Mes"	0.084877782	0.251826516	0.393116254	0.11646471	2334.67048	9	"peu"	48.75	122.13	18.86	0.75	0	1	"Permanent"	"Recreationnel"	NA	1289.64705648
"88"	"56"	25	162	0.2592	0.05303815143462	2.80250878299943	0.479595906981658	25	"Briere"	0.09127056	0.509010589	0.125233646	0.176536099	1384.015288	1	"beaucoup"	34.18	68.5	18	1.15	0	0	"Temporaire"	"Agricole"	0	1069.10047091
"89"	"57"	11	30	0.247933884297521	0.0541022592152198	2.16148907910272	0.315947142470796	11	"Mes"	0.077692708	0.654164266	0.149788681	0.054658416	1568.065414	1	"beaucoup"	35.64	79.16	16.04	0.8	0	0	"Temporaire"	"Agricole"	NA	1716.36259028
"90"	"58"	20	104	0.26	0.0261996378451789	2.85606049477333	0.657367063458796	20	"Mes"	0.001054333	0.301622116	0.546689771	0.051774008	1148.705841	5	"peu"	51.24	376.94	26.28	0.75	0	1	"Permanent"	"Agricole"	NA	1454.30202897
"91"	"59"	7	15	0.306122448979592	0	1.89285714285714	0.376190476190476	7	"Mes"	0.166218033	0.059907839	0.464181188	0.102714284	1938.138123	8	"peu"	79.21	222.36	21.8	1.35	0	1	"Permanent"	"Agricole"	NA	1149.27091896
"92"	"6"	15	48	0.213333333333333	0.072883657763694	2.39061728395061	0.330840322791241	15	"Mes"	0.058426737	0.573422984	0.183293092	0.087877229	1319.459324	2	"peu"	73.6	349.26	10.62	1.367680847	1	1	"Permanent"	"Recreationnel"	NA	2423.54399684
"93"	"60"	10	19	0.19	0.257716049382716	1.97828947368421	0.207727089104339	10	"Mes"	0.12280649	0.127804598	0.455882422	0.10390656	1927.645657	1	"beaucoup"	29.67	55.4	19.93	0.65	1	1	"Permanent"	"Recreationnel"	NA	1281.22630305
"94"	"61"	11	32	0.264462809917355	0.114464099895942	2.1792447609209	0.355047095862131	11	"Briere"	0.245805073	0.049493799	0.49099538	0.046953768	1394.1918	3	"beaucoup"	33.24	57.44	25.41	0.9	0	0	NA	"Agricole"	NA	1066.5188458
"95"	"62"	21	138	0.312925170068027	0.050477735712998	2.93032349028578	0.705824509185055	21	"Mes"	0.111450736	0.277591237	0.244549809	0.07606782	880.3712442	2	"beaucoup"	45.27	137.37	11.77	0.45	0	0	"Temporaire"	"Recreationnel"	NA	989.919038608
"96"	"63"	12	45	0.3125	0	2.20595238095238	0.364889802217183	12	"Briere"	0.046492563	0.093410323	0.206670546	0.333700468	391.0069362	2	"beaucoup"	95.76	415.77	24.7	4.048348737	1	0	"Permanent"	"Recreationnel"	NA	689.875676966
"97"	"64"	16	63	0.24609375	0.108610822060354	2.40843191069771	0.281500848634846	16	"Briere"	0.108928147	0.654614124	0.157383402	0.060839796	357.1277544	2	"beaucoup"	99.75	651.13	23.99	1.8	0	0	"Permanent"	"Agricole"	80	862.568951022
"98"	"65"	12	43	0.298611111111111	0.0540832882639265	2.13225594057067	0.207123980693548	12	"Briere"	0.092222671	0.680043191	0.133506437	0.06930601	624.3659902	2	"peu"	99.23	601.05	14.84	0.75	1	1	"Permanent"	"Agricole"	5	872.129513963
"99"	"66"	31	257	0.267429760665973	0	2.9452364674324	0.481335266085825	31	"Briere"	0.256305103	0.023590853	0.42061542	0.018524989	1336.02735	4	"peu"	43.78	143.93	18.86	1.15	0	0	"Permanent"	"Agricole"	30	68.7247155918
"100"	"67"	12	36	0.25	0.121107266435986	2.04613095238095	0.302616985741056	12	"Briere"	0.184877581	0.535355444	0.167156144	0.027803569	1613.085957	4	"beaucoup"	39.39	98.9	9.23	0.25	0	0	"Temporaire"	"Agricole"	40	831.323307902
"101"	"68"	15	65	0.288888888888889	0.0987252861602497	2.4327698967699	0.343201214516638	15	"Briere"	0.365805938	0.175989475	0.298873043	0.057967679	1137.786066	2	"peu"	129.76	1001.72	18.43	1.3	1	0	"Permanent"	"Agricole"	100	779.174654327
"102"	"69"	25	189	0.3024	0.0837180670975686	3.20859965352027	0.748723529547946	25	"Briere"	0.209453338	0.495323634	0.085495928	0.09332468	450.9158795	6	"intermediaire"	58.52	166.2	27.7	2.315680747	1	0	"Permanent"	"Agricole"	60	706.53743438
"103"	"70"	33	300	0.275482093663912	0.00649342000106568	3.00008242556615	0.551337497815143	33	"Briere"	0.186323847	0.429941053	0.252325948	0.043281661	1330.979962	3	"intermediaire"	92.04	525.49	30.11	0.95	1	0	"Permanent"	"Recreationnel"	75	623.03914887
"104"	"71"	15	63	0.28	0.0682612201021232	2.27239368998629	0.240467134218413	15	"Briere"	0.086051652	0.426560161	0.37998011	0.057582193	1096.159797	3	"peu"	45.88	134.96	21.8	1.542572014	0	0	"Permanent"	"Agricole"	40	598.242503718
"105"	"72"	12	42	0.291666666666667	0.0392623438429507	2.18914693128752	0.270805385865933	12	"Briere"	0.27208083	0.374902782	0.200451572	0.054722762	1272.196461	3	"peu"	106.42	459.57	26.76	2.045225883	1	0	"Permanent"	"Recreationnel"	90	640.096432208
"106"	"73"	10	29	0.29	0	1.88723958333333	0.225740434309092	10	"Briere"	0.27736389	0.016709398	0.507062367	0.158349085	949.9457547	3	"beaucoup"	46.67	143.11	16.26	0.7	1	0	"Temporaire"	"Agricole"	100	409.268825104
"107"	"74"	9	18	0.222222222222222	0.146604938271605	1.75925925925926	0.187205761316872	9	"Briere"	0.065035885	0.013683414	0.768453375	0.079598593	1915.139217	3	"peu"	145.19	1355.53	11.77	2.285683919	1	1	"Permanent"	"Agricole"	65	217.867174537
"108"	"75"	11	32	0.264462809917355	0.0977777777777777	2.23900783063274	0.378119412856956	11	"Briere"	0.333582354	0.04847933	0.478522668	0.055326452	1405.388626	5	"peu"	139.08	1048.63	21.6	1.912295474	1	1	"Permanent"	"Agricole"	70	251.496785956
"109"	"75bis"	10	26	0.26	0.0584319526627219	1.88018518518519	0.20504451303155	10	"Briere"	0.172285763	0.2773553	0.295534565	0.091841002	1557.169249	4	"peu"	134.39	1051	18.22	0.65	1	1	"Permanent"	"Recreationnel"	90	442.254532984
"110"	"76"	24	181	0.314236111111111	0.0182920110192838	3.05404807582231	0.667101249113992	24	"Briere"	0.109841585	0.60109848	0.197590167	0.024560596	1966.765781	2	"peu"	76.83	280.17	17.03	0.8	1	0	"Permanent"	"Agricole"	0	806.153974389
"111"	"762"	13	40	0.236686390532544	0.0884286653517423	2.22327533577534	0.243072651735705	13	"Mes"	0.073990031	0.269921688	0.443371968	0.112811374	1846.698895	3	"peu"	98.32	278.69	28.15	2.026393917	0	1	"Permanent"	"Recreationnel"	NA	2357.08515805
"112"	"77"	13	47	0.27810650887574	0.0529300567107751	2.12490028490028	0.212152272753919	13	"Briere"	0.140091752	0.203584484	0.27489594	0.140066359	504.4187502	1	"beaucoup"	66.67	274.56	12.34	0.85	0	1	"Permanent"	"Recreationnel"	NA	1032.13061639
"113"	"79bis"	5	5	0.2	0	1.33333333333333	0.136111111111111	5	"Briere"	0.003738837	0.15181891	0.461404261	0.259174342	1271.498956	3	"peu"	58.14	241.3	20.14	0.9	1	1	"Permanent"	"Recreationnel"	NA	342.140490062
"114"	"806"	14	42	0.214285714285714	0.07875	2.34983504060539	0.286657258834111	14	"Mes"	0.086959741	0.229148642	0.434554247	0.06018541	1906.011121	5	"peu"	256.26	1636.48	23.63	2.703765795	1	1	"Permanent"	"Agricole"	NA	2418.41178646
"115"	"81"	12	39	0.270833333333333	0.0409057706355003	2.20713609307359	0.276127122761384	12	"Briere"	0.347441047	0.193805869	0.090786886	0.018788198	950.0261491	1	"intermediaire"	14.93	12.54	18	0.9	0	0	"Temporaire"	"Agricole"	NA	9.60887336334
"116"	"812"	12	36	0.25	0	2.20204508856683	0.266455949769345	12	"Mes"	0.084090956	0.375587993	0.311683609	0.149141474	2267.879275	4	"peu"	121.26	873.96	21.18	0.9	1	1	"Permanent"	"Recreationnel"	NA	2215.05179412
"117"	"83"	15	55	0.244444444444444	0.149341402634389	2.20367135380723	0.318119074527638	15	"Briere"	0.058567186	0.28918404	0.523306551	0.04219789	1394.047711	2	"peu"	17.07	18.12	24.23	0.45	0	0	"Temporaire"	"Agricole"	NA	276.580599236
"118"	"853"	12	37	0.256944444444444	0.114186851211073	2.36337448559671	0.401040718863372	12	"Mes"	0.147773118	0.282442276	0.255221945	0.058213749	2324.623483	1	"peu"	424.98	8950.53	11.31	5.634338122	1	1	"Permanent"	"Recreationnel"	NA	2388.85970597
"119"	"85bis"	16	62	0.2421875	0.0754093651249639	2.3955763626339	0.30366889262292	16	"Briere"	0.010556627	0.295649067	0.598225378	0.034194592	1829.381995	6	"peu"	32.37	74.86	29.9	1.8	0	0	"Temporaire"	"Agricole"	75	504.376874648
"120"	"86"	13	52	0.307692307692308	0	2.26381275426374	0.299787714809958	13	"Briere"	0.00072128	0.235219155	0.686307481	0.015696458	1629.981656	5	"peu"	34.83	83.58	25.99	1.15	1	0	"Permanent"	"Agricole"	40	374.855225811
"121"	"87"	27	208	0.285322359396433	0.0219871674407366	2.78835974945884	0.483052639145066	27	"Briere"	0.000718805	0.47583418	0.450924592	0.011780433	1903.021446	5	"beaucoup"	37	104.71	17.35	0.5	0	0	"Permanent"	"Agricole"	60	430.584938014
"122"	"88"	18	70	0.216049382716049	0.144717496324302	2.29966498847811	0.219599353418255	18	"Briere"	0.000708353	0.261182142	0.649627384	0.016075413	2112.204016	5	"peu"	46.63	145.76	17.14	0.95	1	0	"Permanent"	"Agricole"	25	308.16792476
"123"	"888"	13	49	0.289940828402367	0	2.00963987567164	0.344052144930737	13	"Briere"	0.093893884	0.02357435	0.357743698	0.244082479	592.9229753	3	"peu"	118.31	780.08	16.92	1.35	1	1	"Permanent"	"Recreationnel"	NA	580.928989294
"124"	"89"	25	172	0.2752	0.0717564908761237	2.7051901473184	0.38657644894341	25	"Briere"	0.000720357	0.148857641	0.764672563	0.01599859	1949.982835	5	"peu"	35.66	90.45	12	0.2	1	0	"Permanent"	"Agricole"	20	277.566033583
"125"	"893"	9	10	0.123456790123457	0	2.06481481481481	0.180941358024692	9	"Mes"	0.074244168	0.102154161	0.628800425	0.090070281	2082.50168	1	"peu"	132.83	902.4	29.72	1.6	0	1	"Permanent"	"Recreationnel"	NA	1463.70561146
"126"	"893bis"	13	48	0.284023668639053	0.0355555555555555	2.3198663132642	0.342450955541121	13	"Mes"	0.141197219	0.001355462	0.718635794	0.081048503	1418.229552	3	"peu"	51.9	199.85	16.26	0.45	0	0	"Temporaire"	"Agricole"	NA	1485.28938983
"127"	"894"	12	31	0.215277777777778	0.0983350676378772	2.11988888888889	0.190761303703704	12	"Mes"	0.119235408	0.3854125	0.082371318	0.202317977	988.4921973	1	"beaucoup"	34.94	52.68	29.36	1.5	0	0	"Permanent"	"Agricole"	NA	1130.09821044
"128"	"90"	20	115	0.2875	0.054414611564683	2.56863546450324	0.31492258512707	20	"Briere"	0.000704976	0.207482935	0.705586992	0.015988943	2034.691	1	"peu"	57.83	153.32	18.86	0.6	1	0	"Permanent"	"Agricole"	80	279.388396263
"129"	"91"	23	147	0.277882797731569	0.0986989795918368	2.54641704329015	0.385519968519599	23	"Briere"	0.022074843	0.004061163	0.872694645	0.008663532	1294.158946	1	"beaucoup"	45.98	137.86	18.43	1	1	0	"Permanent"	"Agricole"	50	86.3290051751
"130"	"92"	9	21	0.259259259259259	0.148526077097506	1.83429783950617	0.18466969347458	9	"Briere"	0.058401759	0.048990201	0.562581169	0.014214052	1719.612647	1	"beaucoup"	297.19	6188.41	14.93	0.85	1	1	"Permanent"	"Agricole"	0	0
"131"	"93"	19	94	0.260387811634349	0.0431301652892562	2.67116716754681	0.467991163868613	19	"Briere"	0.215280123	0.461896409	0.209587563	0.026105748	1467.771296	2	"beaucoup"	47.97	152.65	16.7	0.35	0	0	"Temporaire"	"Recreationnel"	100	346.043835588
"132"	"932"	9	19	0.234567901234568	0.0623268698060942	1.87685185185185	0.16728420781893	9	"Briere"	0.272131282	0.009519976	0.239911896	0.147983666	986.581617	0	"peu"	339.99	3585.94	14.93	2.21580354	1	1	"Permanent"	"Agricole"	NA	0
"133"	"937"	19	101	0.279778393351801	0.0814958448753463	2.62407822509598	0.501811941115311	19	"Briere"	0.236290882	0.234993774	0.332794981	0	654.2873646	1	"peu"	64.76	225.82	23.93	0.65	1	0	"Permanent"	"Agricole"	50	22.630050957
"134"	"94"	25	161	0.2576	0.0203127002434962	2.7536011962792	0.370176886330341	25	"Briere"	0.372553028	0.384760404	0.138348028	0.024091544	934.1560809	3	"beaucoup"	78.44	300.48	19.61	1.3	1	0	"Permanent"	"Agricole"	10	359.648936711
"135"	"949"	23	150	0.283553875236295	0	3.04855470439902	0.677361965173611	23	"Briere"	0.10410888	0.050097196	0.368734576	0.191960331	754.2083518	1	"beaucoup"	51.75	208.06	18.86	0.5	1	0	"Temporaire"	"Recreationnel"	NA	606.735705351
"136"	"95"	15	54	0.24	0.0576717693129227	2.21762468434344	0.265941271082657	15	"Briere"	0.123340581	0.00660461	0.773402817	0.035274868	2157.120423	2	"intermediaire"	179.4	1391.17	12.91	0.6	1	1	"Permanent"	"Agricole"	70	416.970927164
"137"	"954"	11	31	0.256198347107438	0.0527777777777779	2.0552706947524	0.235311236881376	11	"Briere"	0.343487541	0.159603807	0.263450969	0.065406172	1231.646184	0	"beaucoup"	77.69	430.94	18	4.277205457	0	0	"Permanent"	"Recreationnel"	NA	445.999191732
"138"	"96"	11	28	0.231404958677686	0.102040816326531	2.03131313131313	0.175880424616536	11	"Briere"	0.237114839	0.115402089	0.461395887	0.143733524	1306.797373	2	"beaucoup"	47.04	142.75	25.8	0.7	0	0	"Temporaire"	"Recreationnel"	80	356.46049002
"139"	"960"	15	63	0.28	0.0841571279916753	2.45066534391534	0.343632294471862	15	"Briere"	0.410949313	0.178375252	0.292896227	0.068810895	865.220131	1	"intermediaire"	132.83	1186.87	22.62	2.186283424	0	1	"Permanent"	"Recreationnel"	90	595.509890258
"140"	"961"	12	34	0.236111111111111	0.049127640036731	2.18514103084416	0.330668171206954	12	"Mes"	0.111804128	0.029144684	0.471887143	0.200723801	719.4667761	3	"intermediaire"	86.82	526.39	13.22	1.2	1	0	"Temporaire"	"Recreationnel"	NA	1681.78859597
"141"	"97"	24	148	0.256944444444444	0.0380148116575203	2.81831830700584	0.5452744738575	24	"Briere"	0.311052625	0.128971094	0.380252558	0.136727979	1098.327226	2	"intermediaire"	60.37	222.51	26.85	0.9	0	0	"Temporaire"	"Recreationnel"	70	360.651348801
"142"	"98"	10	24	0.24	0	1.96018518518519	0.257427411979881	10	"Briere"	0.495879582	0.047141501	0.284535776	0.084156379	1004.017934	2	"beaucoup"	44.68	130.85	14.71	0.4	0	0	"Permanent"	"Recreationnel"	100	435.98313607
"143"	"99"	17	80	0.27681660899654	0.0495024456063416	2.35618872549019	0.233037600599614	17	"Briere"	0.605667762	0.147992657	0.163585346	0.01717291	467.096376	2	"beaucoup"	47.93	87.23	14.93	0.75	1	0	"Permanent"	"Agricole"	95	245.927848945
"144"	"A"	12	31	0.215277777777778	0	2.24819331526649	0.260418039341382	12	"Briere"	0.384018234	0.180919777	0.173151095	0.078604355	1361.190016	2	"beaucoup"	49.6	139.26	17.57	0.85	0	1	"Permanent"	"Recreationnel"	NA	371.098674694
"145"	"B"	13	44	0.260355029585799	0.101676581936182	2.08211233211233	0.213004439319254	13	"Briere"	0.165701075	0.307187822	0.248442868	0.105253565	1179.657943	5	"peu"	48.09	139.94	17.57	0.55	1	0	"Temporaire"	"Recreationnel"	100	483.79106102
"146"	"Bois"	11	27	0.223140495867769	0.0967078189300412	2.04583333333333	0.184781618265993	11	"Mes"	0.123456517	0.583711534	0.12722016	0.090510766	2205.168093	7	"peu"	26.76	47.26	14.04	0.3	1	0	NA	"Agricole"	NA	1458.04501544
"147"	"C"	12	39	0.270833333333333	0.0855263157894737	2.22072443181818	0.314478074622737	12	"Briere"	0.132642322	0.366309302	0.44201337	0.024327811	1163.008408	3	"peu"	59.13	213.91	14.93	0.9	0	0	"Permanent"	"Agricole"	60	627.609117502
"148"	"D"	5	3	0.12	0	1.4	0.125	5	"Mes"	0.049614312	0.300422248	0.150649516	0.426098761	1348.093945	0	"peu"	35.61	69.27	11.31	0.2	0	0	"Temporaire"	"Recreationnel"	NA	2322.61828011
"149"	"F"	20	113	0.2825	0.0306158775364898	2.829143804659	0.497297238932854	20	"Mes"	0.113799208	0.295575184	0.359517079	0.112102087	1619.938528	5	"beaucoup"	58.28	202.59	16.7	5.842975229	0	0	"Permanent"	"Recreationnel"	NA	1466.64688672
"150"	"G"	19	96	0.265927977839335	0.0397530864197531	2.73373255275946	0.499993436930793	19	"Mes"	0.000570662	0.280498133	0.547886833	0.050204489	1131.811428	3	"peu"	69.39	151.1	14.93	3.793294163	0	0	"Temporaire"	"Agricole"	NA	1471.77988405
"151"	"I"	17	64	0.221453287197232	0.0909221488078138	2.64548283816569	0.548648493192349	17	"Briere"	0.221955643	0.32196906	0.202157967	0.124238816	670.1332835	3	"intermediaire"	78.29	236.34	19.93	0.6	0	1	"Permanent"	"Agricole"	70	896.875136301
"152"	"J"	20	90	0.225	0.0999242519883853	2.2920778335679	0.234819248336352	20	"Briere"	0.310530978	0.004007194	0.228570558	0.208969529	573.1714818	1	"intermediaire"	65.18	277.52	13.36	1.15	1	1	"Permanent"	"Recreationnel"	NA	109.745128199
"153"	"K"	14	45	0.229591836734694	0.143703703703704	2.16225749559083	0.269879112202216	14	"Briere"	0.101733425	0.053178963	0.102586922	0.058430784	392.3820498	0	"beaucoup"	57.27	249.38	19.29	1.038420599	1	1	"Permanent"	"Recreationnel"	NA	0.80170061191
"154"	"L"	11	26	0.214876033057851	0.0631999999999999	1.95	0.261874775723982	11	"Mes"	0	0.366600089	0.251887991	0.195200317	1735.374639	2	"peu"	35.53	67.4	37.78	1.15	0	0	"Temporaire"	"Recreationnel"	NA	1501.79464945
"155"	"Sup1"	23	153	0.289224952741021	0.0235714285714286	2.84618084802391	0.630458026249289	23	"Mes"	0.12760119	0.582084895	0.230070506	0.015962605	975.336425	4	"peu"	51.25	126.15	9	0.6	1	0	"Permanent"	"Agricole"	NA	1931.10328292
