	Abramis	Carassius carassius	Cyprinus carpio	Rutilus rutilus	Scardinius erythrophthalmus	Tinca tinca	Pungitius pungitius	Gambusia affinis	Perca fluviatilis	Lepomis gibbosus	Ameiurus melas	Anguilla anguilla	Esox lucius	Natrix natrix	Bufo bufo	Hyla	Pelodytes punctatus	Rana	Pelophylax	Lissotriton	Triturus	Salamandra salamandra	Corbiculidae	Hydrobiidae	Lymnaeidae	Physidae	Glossiphoniidae	Gammaridae	Procambarus clarkii	Atyaephyra desmarestii	Asellus aquaticus	Autre_dytiscidae	Colymbetinae	Acilius	Cybister	Dytiscus	Graphoderus	Gyrinidae	Hydrophilidae	Hygrobia	Chironomidae	Culicidae	Ephemeroptera	Corixidae	Gerridae	Hydrometridae	Nepidae	Naucoridae	Notonecta	Anisoptera	Zygoptera	Trichoptera	Zooplancton	Phytoplancton	Biofilm	Macrophytes	Detritus	Protozoaire	Bacteria	Gasterosteus aculeatus
Abramis	0	0	0	0	0	0	0	0	17	0	0	1	1	0	0	0	0	0	0	0	0	0	0	0	0	0	0	0	0	0	0	0	0	0	0	0	0	0	0	0	0	0	0	0	0	0	0	0	0	0	0	0	0	0	0	0	0	0	0	0
Carassius carassius	0	0	0	0	0	0	0	0	1	0	0	0	0	0	0	0	0	0	0	0	0	0	0	0	0	0	0	0	0	0	0	0	0	0	0	0	0	0	0	0	0	0	0	0	0	0	0	0	0	0	0	0	0	0	0	0	0	0	0	0
Cyprinus carpio	0	0	0	0	0	0	0	0	0	0	3	0	1	0	0	0	0	0	1	0	0	0	0	0	0	0	0	0	0	0	0	0	0	0	0	0	0	0	0	0	0	0	0	0	0	0	0	0	0	0	0	0	0	0	0	0	0	0	0	0
Rutilus rutilus	0	0	0	3	0	0	0	0	56	0	0	1	13	0	0	0	0	0	0	0	0	0	0	0	0	0	0	0	0	0	0	0	0	0	0	0	0	0	0	0	0	0	0	0	0	0	0	0	0	0	0	0	0	0	0	0	0	0	0	0
Scardinius erythrophthalmus	0	0	0	0	0	0	0	0	0	0	0	0	0	0	0	0	0	0	0	0	0	0	0	0	0	0	0	0	0	0	0	0	0	0	0	0	0	0	0	0	0	0	0	0	0	0	0	0	0	0	0	0	0	0	0	0	0	0	0	0
Tinca tinca	0	0	0	0	0	0	0	0	0	0	0	0	3	0	0	0	0	0	0	0	0	0	0	0	0	0	0	0	0	0	0	0	0	0	0	0	0	0	0	0	0	0	0	0	0	0	0	0	0	0	0	0	0	0	0	0	0	0	0	0
Pungitius pungitius	0	0	0	0	0	0	1	0	0	0	0	0	0	0	0	0	0	0	0	0	0	0	0	0	0	0	0	0	0	0	0	0	0	0	0	0	0	0	0	0	0	0	0	0	0	0	0	0	0	0	0	0	0	0	0	0	0	0	0	0
Gambusia affinis	0	0	0	0	0	0	0	0	0	0	0	0	3	0	0	0	0	0	0	0	0	0	0	0	0	0	0	0	0	0	0	0	0	0	0	0	0	0	0	0	0	0	0	0	0	0	0	0	0	0	0	0	0	0	0	0	0	0	0	0
Perca fluviatilis	0	0	0	3	0	0	0	0	76	0	0	1	46	1	0	0	0	0	0	0	0	0	0	0	0	0	0	0	0	0	0	0	0	0	0	0	0	0	0	0	0	0	0	0	0	0	0	0	0	0	0	0	0	0	0	0	0	0	0	0
Lepomis gibbosus	0	0	0	0	0	0	0	0	0	0	1	0	1	0	0	0	0	0	0	0	0	0	0	0	0	0	0	0	0	0	0	0	0	0	0	0	0	0	0	0	0	0	0	0	0	0	0	0	0	0	0	0	0	0	0	0	0	0	0	0
Ameiurus melas	0	0	0	0	0	0	0	0	0	0	0	0	0	0	0	0	0	0	0	0	0	0	0	0	0	0	0	0	0	0	0	0	0	0	0	0	0	0	0	0	0	0	0	0	0	0	0	0	0	0	0	0	0	0	0	0	0	0	0	0
Anguilla anguilla	0	0	0	0	0	0	0	0	0	0	0	0	5	3	0	0	0	0	0	0	0	0	0	0	0	0	0	0	0	0	0	0	0	0	0	0	0	0	0	0	0	0	0	0	0	0	0	0	0	0	0	0	0	0	0	0	0	0	0	0
Esox lucius	0	0	0	0	0	0	0	0	0	0	0	0	26	0	0	0	0	0	0	0	0	0	0	0	0	0	0	0	0	0	0	0	0	0	0	0	0	0	0	0	0	0	0	0	0	0	0	0	0	0	0	0	0	0	0	0	0	0	0	0
Natrix natrix	0	0	0	0	0	0	0	0	0	0	0	0	0	0	0	0	0	0	0	0	0	0	0	0	0	0	0	0	0	0	0	0	0	0	0	0	0	0	0	0	0	0	0	0	0	0	0	0	0	0	0	0	0	0	0	0	0	0	0	0
Bufo bufo	0	0	0	0	0	0	0	0	0	0	0	0	0	20	0	0	0	0	0	2	0	0	0	0	0	0	0	0	7	0	0	0	2	0	0	4	0	0	0	0	0	0	0	6	0	0	0	0	3	4	0	0	0	0	0	0	0	0	0	0
Hyla	0	0	0	0	0	0	0	0	0	0	0	0	0	0	0	0	0	0	0	0	0	0	0	0	0	0	0	0	0	0	0	0	0	0	0	0	0	0	0	0	0	0	0	0	0	0	0	0	0	0	0	0	0	0	0	0	0	0	0	1
Pelodytes punctatus	0	0	0	0	0	0	0	0	0	0	0	0	0	0	0	0	0	0	0	0	0	0	0	0	0	0	0	0	0	0	0	0	0	0	0	0	0	0	0	0	0	0	0	0	0	0	0	0	0	0	0	0	0	0	0	0	0	0	0	0
Rana	0	0	0	0	0	0	0	0	0	0	0	0	0	10	0	0	0	0	1	3	0	0	0	0	0	0	0	0	1	0	0	3	2	5	0	15	0	0	0	0	0	0	0	6	0	0	0	0	5	20	0	0	0	0	0	0	0	0	0	1
Pelophylax	0	0	0	0	0	0	0	0	0	0	0	0	0	4	0	0	0	0	1	0	0	0	0	0	0	0	0	0	1	0	0	0	0	0	0	0	0	0	0	0	0	0	0	0	0	0	0	0	0	2	0	0	0	0	0	0	0	0	0	1
Lissotriton	0	0	0	0	0	0	0	0	1	0	0	0	2	0	0	0	0	0	0	0	2	0	0	0	0	0	0	0	1	0	0	0	0	0	0	0	0	0	0	0	0	0	0	0	0	0	0	0	0	0	0	0	0	0	0	0	0	0	0	0
Triturus	0	0	0	0	0	0	0	0	0	0	0	0	0	0	0	0	0	0	0	1	0	0	0	0	0	0	0	0	0	0	0	0	0	0	0	0	0	0	0	0	0	0	0	0	0	0	0	0	0	0	0	0	0	0	0	0	0	0	0	0
Salamandra salamandra	0	0	0	0	0	0	0	0	0	0	0	0	0	0	0	0	0	0	0	0	0	0	0	0	0	0	0	0	0	0	0	0	0	0	0	0	0	0	0	0	0	0	0	0	0	0	0	0	0	0	0	0	0	0	0	0	0	0	0	0
Corbiculidae	2	0	0	2	0	0	0	0	0	0	0	1	0	0	0	0	0	0	0	0	0	0	0	0	0	0	0	0	0	0	0	0	0	0	0	0	0	0	0	0	0	0	0	0	0	0	0	0	0	0	0	0	0	0	0	0	0	0	0	0
Hydrobiidae	0	0	0	2	0	1	4	0	0	0	2	0	0	0	0	0	0	0	0	0	0	0	0	0	0	0	0	0	0	0	0	0	0	0	0	0	0	0	0	0	0	0	0	0	0	0	0	0	0	0	0	0	0	0	0	0	0	0	0	6
Lymnaeidae	0	0	0	0	0	1	1	0	0	0	1	3	0	0	0	0	0	0	0	0	0	0	0	0	0	0	11	0	0	0	0	0	0	0	0	2	0	0	1	0	0	0	0	0	0	0	0	0	0	6	0	0	0	0	0	0	0	0	0	0
Physidae	0	0	1	0	0	0	0	2	0	3	4	0	0	0	0	0	0	0	1	0	0	0	0	0	0	0	2	0	1	0	0	0	0	0	0	0	0	0	1	0	0	0	0	0	0	0	1	1	0	7	2	0	0	0	0	0	0	0	0	0
Glossiphoniidae	0	0	0	0	0	0	0	0	2	0	0	0	0	0	0	0	0	0	0	0	0	0	0	0	0	0	0	0	0	0	0	13	0	0	0	0	0	0	0	0	0	0	0	0	0	0	0	0	0	29	19	0	0	0	0	0	0	0	0	0
Gammaridae	5	0	0	3	1	2	1	0	37	0	1	7	13	0	0	0	0	0	1	0	0	0	0	0	0	0	0	2	0	0	0	1	0	0	0	0	0	0	0	0	0	0	0	0	0	0	0	0	37	0	0	2	0	0	0	0	0	0	0	1
Procambarus clarkii	0	0	0	0	0	0	0	0	0	0	0	0	1	0	0	0	0	0	0	0	0	0	0	0	0	0	0	0	48	0	0	0	0	0	0	0	0	0	0	0	0	0	0	0	0	0	0	0	0	0	0	0	0	0	0	0	0	0	0	0
Atyaephyra desmarestii	0	0	0	0	0	0	0	0	0	0	0	0	1	0	0	0	0	0	0	0	0	0	0	0	0	0	0	0	0	0	0	0	0	0	0	0	0	0	0	0	0	0	0	0	0	0	0	0	0	0	0	0	0	0	0	0	0	0	0	0
Asellus aquaticus	0	0	0	1	0	0	0	0	30	1	0	0	0	0	0	0	0	0	0	0	0	0	0	0	0	0	0	0	0	0	0	2	2	15	0	14	0	0	0	0	0	0	0	0	0	0	0	8	5	20	1	0	0	0	0	0	0	0	0	0
Autre_dytiscidae	0	0	0	0	0	4	0	0	7	1	0	0	0	0	0	0	0	0	0	0	0	0	0	0	0	0	0	0	0	0	0	0	0	0	0	0	0	0	11	0	0	0	0	0	0	0	0	0	0	0	0	0	0	0	0	0	0	0	0	0
Colymbetinae	0	0	0	0	0	0	0	0	0	0	0	0	0	0	0	0	0	0	0	0	0	0	0	0	0	0	0	0	0	0	0	0	0	0	0	0	0	0	0	0	0	0	0	0	0	0	0	0	0	0	0	0	0	0	0	0	0	0	0	0
Acilius	0	0	0	0	0	0	0	0	0	0	0	0	0	0	0	0	0	0	0	0	0	0	0	0	0	0	0	0	0	0	0	0	0	0	0	0	0	0	0	0	0	0	0	0	0	0	0	0	0	0	0	0	0	0	0	0	0	0	0	0
Cybister	0	0	0	0	0	0	0	0	0	0	0	0	0	0	0	0	0	0	0	0	0	0	0	0	0	0	0	0	0	0	0	0	0	0	1	0	0	0	0	0	0	0	0	0	0	0	0	0	0	0	0	0	0	0	0	0	0	0	0	0
Dytiscus	0	0	0	0	0	0	0	0	0	0	0	0	0	0	0	0	0	0	0	0	0	0	0	0	0	0	0	0	0	0	0	0	0	0	0	0	0	0	0	0	0	0	0	0	0	0	0	0	0	0	0	0	0	0	0	0	0	0	0	0
Graphoderus	0	0	0	0	0	0	0	0	0	0	0	0	0	0	0	0	0	0	0	0	0	0	0	0	0	0	0	0	0	0	0	0	0	0	0	0	0	0	0	0	0	0	0	0	0	0	0	0	0	0	0	0	0	0	0	0	0	0	0	0
Gyrinidae	0	0	0	0	0	0	0	0	0	0	0	0	0	0	0	0	0	0	0	0	0	0	0	0	0	0	0	0	0	0	0	0	0	0	0	0	0	0	0	0	0	0	0	0	0	0	0	0	0	0	0	0	0	0	0	0	0	0	0	0
Hydrophilidae	0	0	0	0	0	0	0	0	1	0	0	0	0	0	0	0	0	0	3	0	0	0	0	0	0	0	0	0	38	0	0	0	0	0	0	0	0	0	15	0	0	0	0	0	0	0	0	0	0	0	0	0	0	0	0	0	0	0	0	0
Hygrobia	0	0	0	0	0	0	0	0	0	0	0	0	0	0	0	0	0	0	0	0	0	0	0	0	0	0	0	0	0	0	0	0	0	0	0	0	0	0	0	0	0	0	0	0	0	0	0	0	0	0	0	0	0	0	0	0	0	0	0	0
Chironomidae	40	8	11	77	2	103	13	4	316	27	18	19	13	0	0	0	0	0	3	13	13	6	0	0	0	0	2	2	41	0	0	15	10	16	0	14	1	1	24	9	8	0	0	2	0	0	1	8	5	55	3	17	1	0	0	0	0	0	0	41
Culicidae	0	0	0	0	0	1	0	15	0	0	2	0	0	0	0	0	0	0	1	7	0	5	0	0	0	0	0	0	59	0	0	4	6	23	0	10	0	0	5	0	0	4	0	4	0	0	0	7	9	40	9	0	22	0	0	0	0	0	0	0
Ephemeroptera	1	0	4	14	0	24	6	3	39	6	8	11	1	0	0	0	0	0	1	16	5	2	0	0	0	0	0	3	16	0	0	7	8	16	0	4	0	1	0	0	0	0	0	21	0	0	0	0	5	38	1	21	2	0	0	0	0	0	0	4
Corixidae	2	0	3	2	1	5	0	0	14	2	4	3	0	0	0	0	0	0	2	0	0	0	0	0	0	0	0	0	29	0	0	0	1	0	2	0	1	0	7	0	0	0	0	0	0	0	0	0	0	36	0	0	0	0	0	0	0	0	0	0
Gerridae	0	0	0	0	0	0	0	0	0	0	0	0	0	0	0	0	0	0	0	0	0	0	0	0	0	0	0	0	27	0	0	0	0	0	0	0	0	0	0	0	0	0	0	0	0	0	0	0	0	0	0	0	0	0	0	0	0	0	0	0
Hydrometridae	0	0	0	0	0	0	0	0	0	0	0	0	0	0	0	0	0	0	3	0	0	0	0	0	0	0	0	0	0	0	0	0	0	0	0	0	0	0	0	0	0	0	0	0	0	0	0	0	0	0	0	0	0	0	0	0	0	0	0	0
Nepidae	0	0	0	0	0	0	0	0	0	0	0	0	0	0	0	0	0	0	1	0	0	0	0	0	0	0	0	0	0	0	0	0	0	0	0	0	0	0	0	0	0	0	0	0	0	0	0	0	0	0	0	0	0	0	0	0	0	0	0	0
Naucoridae	0	0	0	0	0	0	0	0	0	0	0	0	0	0	0	0	0	0	1	0	0	0	0	0	0	0	0	0	0	0	0	0	0	0	0	0	0	0	0	0	0	0	0	0	0	0	0	0	0	0	0	0	0	0	0	0	0	0	0	0
Notonecta	0	0	0	0	0	0	0	0	1	6	0	0	0	0	0	0	0	0	0	0	0	0	0	0	0	0	0	0	0	0	0	0	0	0	0	0	0	0	0	0	0	0	0	0	0	0	0	0	0	0	0	0	0	0	0	0	0	0	0	0
Anisoptera	0	2	0	0	0	0	0	0	1	0	1	0	0	0	0	0	0	0	0	0	7	0	0	0	0	0	0	0	0	0	0	0	0	0	5	0	0	0	0	0	0	0	0	0	0	0	0	0	0	35	0	0	0	0	0	0	0	0	0	0
Zygoptera	0	0	0	0	0	8	0	0	6	4	0	0	0	0	0	0	0	0	2	1	1	0	0	0	0	0	0	0	5	0	0	0	1	0	3	0	1	0	0	1	0	0	0	0	0	0	11	0	0	26	0	0	0	0	0	0	0	0	0	0
Trichoptera	8	0	11	14	2	30	2	3	25	9	16	21	2	0	0	3	0	0	2	12	15	4	0	0	0	0	1	0	1	0	0	7	2	0	0	0	0	1	0	0	0	0	0	0	0	0	0	0	0	36	1	17	0	0	0	0	0	0	0	17
Zooplancton	153	30	97	333	28	47	16	121	575	35	8	0	34	0	4	0	0	4	4	128	59	9	0	0	2	0	0	0	71	0	0	21	12	25	0	7	0	0	9	0	6	0	0	39	0	0	10	8	9	34	15	0	1644	0	0	0	0	3	0	84
Phytoplancton	0	2	67	2	1	34	0	0	0	0	0	0	0	0	11	0	2	4	0	0	0	0	24	0	0	0	0	0	0	21	0	0	0	0	0	0	0	0	0	0	26	0	24	0	0	0	0	0	0	0	0	0	1987	2	0	0	0	37	0	2
Biofilm	3	1	48	80	7	67	0	1	1	0	0	0	0	0	10	0	1	4	0	0	0	0	53	13	32	20	0	52	8	57	47	5	2	0	0	0	0	0	1	0	58	2	37	0	0	0	0	0	0	0	0	14	322	0	0	0	0	0	0	7
Macrophytes	0	2	5	22	4	0	0	1	0	1	10	0	0	0	2	0	1	3	0	0	2	0	0	5	1	0	0	4	23	0	0	0	3	0	0	0	0	0	0	0	7	0	1	0	0	0	0	0	0	0	0	0	2	0	0	0	0	0	0	0
Detritus	12	0	11	50	1	4	1	0	8	3	0	1	0	0	2	2	1	0	0	0	0	0	0	3	15	8	0	4	62	6	1	2	3	0	1	2	0	0	2	0	57	15	22	0	0	0	0	0	0	0	0	26	45	0	0	0	0	0	0	15
Protozoaire	0	0	23	3	0	1	0	0	1	0	0	0	0	0	8	2	2	1	0	3	0	0	7	0	0	0	0	0	0	5	0	0	0	0	0	1	0	0	0	0	3	1	0	0	0	0	0	0	0	0	0	0	459	0	0	0	0	8	0	1
Bacteria	0	0	26	8	0	12	0	0	1	0	0	0	0	0	6	0	3	0	0	0	0	0	9	2	0	1	0	4	0	5	4	0	0	0	0	0	0	0	0	0	12	4	8	0	0	0	0	0	0	0	0	0	537	25	0	0	0	90	0	0
Gasterosteus aculeatus	0	0	0	0	0	0	0	0	1	1	0	0	12	0	0	0	0	0	0	0	0	0	0	0	0	0	0	0	0	0	0	0	0	0	0	0	0	0	0	0	0	0	0	0	0	0	0	0	0	0	0	0	0	0	0	0	0	0	0	1
