"Site"	"n_mean"	"n_sd"	"L_mean"	"L_sd"	"C_mean"	"C_sd"	"Modularity_mean"	"Modularity_sd"	"Mean_trophic_level_mean"	"Mean_trophic_level_sd"	"Mean_Omnivory_Index_mean"	"Mean_Omnivory_Index_sd"	"Reseau"	"Bois"	"Cultures"	"Prairies"	"Surf_Urbanisees"	"Longueur_haies"	"Nb_de_mares"	"Vegetation_aquatique"	"Perimetre"	"Surface"	"Pente_en_rive_moyenne"	"Profondeur_maximum"	"Ecrevisses"	"Poissons"	"Hydroperiode"	"Anthropique"	"Ripysylve"	"Distance"
"1"	"100"	34.157	3.41702019704699	248.113	53.571467528276	0.210735090031946	0.0195097012355861	0.0609591208091939	0.0479589899467383	2.76968667114206	0.126471355283729	0.326593371768345	0.0830308935276638	"Briere"	0.037828692	0.285287742	0.554322988	0.028634105	1987.679437	0	"intermediaire"	37.38	87.15	21.8	1.2	0	0	"Permanent"	"Agricole"	10	600.26552984
"2"	"101"	42.71	3.3055751128702	383.723	63.7635166616229	0.2091909252712	0.0146001779146915	0.0304373355989009	0.0370806607039629	2.89726630571461	0.109301374796397	0.364806615157845	0.076016819945473	"Briere"	0.046113988	0.296274602	0.597429248	0.026819522	1356.661423	1	"beaucoup"	95.43	484.44	19.54	1.2	0	0	"Permanent"	"Agricole"	50	369.584276851
"3"	"1011"	40.624	3.56585744798349	348.084	66.2254237491218	0.209298949076682	0.0165806913503192	0.036030547157627	0.0408874695515701	2.86526760067976	0.110031323774303	0.353209465728848	0.0752495932980996	"Briere"	0.051968793	0.057297595	0.641160666	0.216715066	1213.774599	2	"peu"	81.87	348.02	16.04	0.4	0	1	"Temporaire"	"Recreationnel"	30	446.811718668
"4"	"1016"	45.403	3.29263305462853	431.374	68.0930303686419	0.2081681308096	0.013614827468783	0.0233156890589793	0.032263200006136	2.92732037445758	0.100849165264562	0.371075949965502	0.0705575327593979	"Briere"	0.424565654	0.254446551	0.257066864	0.035720376	489.9941207	3	"peu"	146.56	1079.13	20.35	1	1	0	"Permanent"	"Recreationnel"	95	606.372590732
"5"	"1038"	16.565	3.29524409317939	60.941	25.7161591191189	0.213189360725761	0.0312810862274286	0.120437587714691	0.0599932426294664	2.3051225164836	0.19255920625918	0.245560664703911	0.0921861728660695	"Mes"	0.085426859	0.302328369	0.376948625	0.177097769	1524.011903	3	"beaucoup"	35.53	82.22	29.9	3.69939854	1	0	"Permanent"	"Recreationnel"	NA	2169.83644975
"6"	"1038bis"	17.322	3.36535906578208	66.743	27.6681491516414	0.213479049893346	0.0315981814777563	0.117621101526669	0.0580062785881748	2.33714275931499	0.189593617084163	0.249317900601303	0.0942022877520549	"Mes"	0.090478864	0.316133551	0.357603816	0.171891432	1627.795889	5	"intermediaire"	43.08	108.86	15.82	0.7	1	0	"Permanent"	"Recreationnel"	NA	2173.93975892
"7"	"104"	36.343	3.4294477853019	280.059	56.5041789714818	0.210261699243993	0.0181550489272048	0.0516922068831996	0.0467123632292363	2.81058563521061	0.12220399332331	0.338432550474933	0.079741400590061	"Briere"	0.245368627	0.286136331	0.075456337	0.020280111	1359.721057	1	"intermediaire"	26.27	52.27	16.04	0.6	1	0	"Temporaire"	"Agricole"	NA	7.70789835116
"8"	"1040"	52.387	2.85365982106739	573.797	67.8823084374625	0.208439259639192	0.00970386909639516	0.0105042150504855	0.0179744333901867	2.99844179534264	0.0756793723624188	0.391618730617744	0.0534299846692917	"Briere"	0.06192122	0	0.625990328	0.01584028	1995.787044	2	"peu"	173.7	2142.52	16.92	2.509043622	1	1	"Permanent"	"Agricole"	10	9.68302464485
"9"	"105"	35.945	3.56520485886655	274.409	58.9136872173313	0.210363363307437	0.0187954809945307	0.0508653308013041	0.04702909291435	2.79536176249223	0.120893226218172	0.331821641954424	0.0774272820024893	"Briere"	0.33479565	0.194832657	0.395733099	0.029719842	1528.128917	1	"peu"	30.81	61.88	35.47	1.4	0	0	NA	"Agricole"	NA	170.176153905
"10"	"106"	32.813	3.23210109332575	230.357	50.6851905347069	0.211755146198161	0.0202581856878743	0.0630016516949805	0.0489286757645411	2.75613678066135	0.127398438306939	0.329313905707616	0.0830375145557458	"Briere"	0.533833138	0	0.166428135	0.013492135	267.7129403	0	"beaucoup"	15.85	15.39	15.38	0.3	1	0	"Temporaire"	"Agricole"	NA	42.1817620955
"11"	"107"	32.327	3.31134957925557	221.577	48.9668850022832	0.210003735320664	0.0206696187145105	0.0662072254308549	0.0487081892132151	2.7402856935688	0.124113716412907	0.321836603069431	0.0849958727909436	"Briere"	0.604229829	0	0.048678276	0.000142924	0	4	"intermediaire"	14.68	13	20.56	0.5	1	0	"Temporaire"	"Agricole"	NA	46.3635255232
"12"	"108"	37.297	3.55378958583938	294.467	60.7947770447093	0.209807774773863	0.0179355407982916	0.047774168539749	0.0454164699692066	2.81885414082098	0.122363653403479	0.339214806082537	0.083539898067377	"Briere"	0.208107811	0.416476998	0.092616778	0.058284363	917.9703744	4	"peu"	53.07	189.4	11.77	0.9	1	0	"Temporaire"	"Recreationnel"	95	601.842205373
"13"	"109"	39.027	3.61626165374525	320.795	63.7873482816209	0.208851002802227	0.0173188822748139	0.0443718418938388	0.0447819998133598	2.84641590242486	0.116354541517388	0.348293466390947	0.0784379738902594	"Briere"	0.194484517	0.346211442	0.153071601	0.102928066	1058.855164	1	"beaucoup"	64.42	261.14	29.08	1.1	0	0	"Permanent"	"Recreationnel"	20	506.954534728
"14"	"111"	31.883	3.49134651681848	216.785	51.6122718120565	0.210857350316183	0.0216016602547882	0.0670940201682725	0.0487463080786028	2.73491785588506	0.13753166311587	0.322115192073664	0.0894857927392637	"Briere"	0.173260785	0.333594073	0.261815091	0.0828384	1430.709483	2	"peu"	21.59	34.11	21.18	0.5	1	0	"Temporaire"	"Agricole"	40	556.036919123
"15"	"112"	39.601	3.41547426640349	329.642	62.3902586978158	0.20860124261842	0.0166389297343442	0.0407708520404707	0.0429246085565044	2.84930089921051	0.112162131194135	0.347104386922856	0.0738012027431094	"Briere"	0.046931553	0.006661375	0.814268946	0.025453363	1617.825203	3	"intermediaire"	53.09	179.28	8.53	0.25	1	0	"Permanent"	"Agricole"	30	181.562088195
"16"	"1123"	60.586	1.50028492455762	764.245	40.4483503253723	0.208081002718839	0.00450710467293849	0.00320139877290588	0.00379478400864775	3.06281990124801	0.0341056277405127	0.412308466657282	0.024193233784648	"Briere"	0.262353768	0.097109125	0.14960703	0.005330751	342.930408	2	"beaucoup"	358.57	7022.79	9.69	2.983101387	1	1	"Permanent"	"Agricole"	0	0
"17"	"114"	33.596	3.6207587456076	241.29	55.4492607752396	0.21144383021856	0.0204882125735798	0.0635019896306266	0.0484564123076838	2.76750897472627	0.126419425457953	0.330286818620135	0.0824604964206136	"Briere"	0.036648079	0.530458088	0.352899753	0.024916902	2179.593339	3	"peu"	45.67	134.97	24.62	1.25	0	0	"Temporaire"	"Agricole"	100	911.407444709
"18"	"1141"	34.669	3.49738054416025	255.884	55.8323005955315	0.210647231268737	0.0188667310873176	0.0571216826612735	0.0468359898258078	2.7863905223351	0.129329014019973	0.335652637969196	0.0883127223798326	"Briere"	0.162718768	0.174214402	0.262489216	0.144198906	481.828879	2	"beaucoup"	59.05	227	13.13	0.75	0	0	"Permanent"	"Recreationnel"	NA	1031.61706663
"19"	"115"	34.892	3.64878742182244	259.17	58.2052828784034	0.210715810729269	0.0198526132915592	0.0564695220826471	0.0475875075082505	2.78582606762786	0.126540306187137	0.333227756388102	0.0826158438407813	"Briere"	0.045445132	0.483904386	0.38008965	0.027824275	2547.248535	3	"intermediaire"	61.51	204.7	34.99	2.2	0	0	"Permanent"	"Agricole"	45	969.682990291
"20"	"116"	35.412	3.65371120993513	267.669	58.5619410533833	0.211347275930887	0.0193419746770814	0.054245863539599	0.0470885361843678	2.79447758447467	0.12752018146475	0.337505098225197	0.0889309397999704	"Mes"	0.142898171	0.229496371	0.215136133	0.122165345	697.3736081	1	"peu"	94.39	401.67	23.03	0.75	0	1	"Permanent"	"Recreationnel"	NA	1238.47367734
"21"	"1178"	43.055	3.36887582500815	389.308	65.5182247452857	0.208792881693486	0.0147394016200321	0.0306127148111644	0.037496803802992	2.89871229807962	0.105758484425071	0.362499081925953	0.0732655599991623	"Briere"	0.318068057	0.138828172	0.449840784	0.042266833	398.1906515	2	"intermediaire"	82.27	340.82	12.68	0.5	1	1	"Permanent"	"Agricole"	50	17.9188097598
"22"	"1179"	56.148	2.36932684737875	657.334	57.6172734012483	0.208215361535717	0.00791003870759802	0.00607379105310675	0.0110829666678166	3.02857633761322	0.0577357536015338	0.40121328359571	0.0416026414871026	"Briere"	0.345713257	0.148975167	0.268695028	0.01747242	509.9431604	6	"beaucoup"	256.61	3881.87	8.53	2.178402832	1	1	"Permanent"	"Agricole"	0	0
"23"	"118"	44.324	3.31723198284775	412.683	65.8846210757434	0.208990070111325	0.0141669686812669	0.0256614784236274	0.0349689128108939	2.91504628073523	0.0990454031919118	0.368106576513892	0.0684081214917926	"Briere"	0.012859528	0.059560412	0.478792177	0.015766512	1412.803095	0	"intermediaire"	98.78	431.34	12.13	0.35	1	0	"Permanent"	"Agricole"	20	0
"24"	"1180"	39.675	3.47353428663666	332.584	64.0522726968968	0.209585503280343	0.0172595814908696	0.0389644473462119	0.0423887554551556	2.85176028554013	0.114746161938878	0.348950957954415	0.0775741838827363	"Briere"	0.00069588	0.179424358	0.74224704	0.016422427	1677.037142	1	"peu"	58.29	234.29	25.99	0.9	0	0	"Permanent"	"Recreationnel"	100	327.062643482
"25"	"119"	39.496	3.26076932894932	328.279	60.2427784165982	0.208992014280052	0.0173786863299916	0.0446440834001787	0.0443934879730494	2.85733988399144	0.118675563366306	0.352773504339215	0.0816202554559818	"Briere"	0.602306733	0.014842287	0	0.004233578	0	4	"peu"	57.2	132.77	20.14	0.95	1	1	"Temporaire"	"Agricole"	50	9.66767332478
"26"	"1199"	45.364	3.28211460437875	433.506	68.577889227439	0.209473966977215	0.0129882132437997	0.0238339182215359	0.0339982958831881	2.9259834493385	0.0997977674527218	0.368851655491316	0.0681625832917691	"Briere"	0.230328379	0.066086048	0.18886701	0.009167783	0	3	"intermediaire"	87.25	576.43	9.93	0.7	1	1	"Permanent"	"Agricole"	10	0
"27"	"120"	31.627	3.32128016010422	214.531	48.7991228752464	0.212274304072096	0.0212716407815716	0.0671028095132335	0.0485902537311223	2.73698473423803	0.135527788541483	0.325919699282596	0.0901093869467755	"Briere"	0.208156021	0	0.040318009	0	0	4	"peu"	12.87	9.58	8.53	0.4	1	0	"Temporaire"	"Agricole"	100	23.5549864077
"28"	"1203"	38.858	3.37004350019302	320.442	60.4557816717106	0.21063798433156	0.0169413229493983	0.0404967209758475	0.0428141421895946	2.84779469427335	0.119263221448688	0.348627055836448	0.0781220408531455	"Briere"	0.187838214	0	0.57784872	0.017234176	1762.173088	1	"beaucoup"	83.62	118.25	9.23	0.4	1	1	"Temporaire"	"Agricole"	100	42.8237750817
"29"	"120bis"	35.623	3.42704181702173	270.626	55.9114676628705	0.211473068397739	0.0193253059295427	0.0540943406283734	0.0464721989985542	2.79076551131482	0.119063602647928	0.332426294485323	0.0793010042762102	"Briere"	0.204517451	0	0.04097899	0	0	4	"peu"	26.73	41.56	14.04	0.65	1	0	"Temporaire"	"Agricole"	NA	28.3372066841
"30"	"121"	39.891	3.38120563579791	334.862	60.9010664594299	0.209104774634939	0.0167259790341053	0.0389218543906329	0.0414490684914704	2.86058280328789	0.11685327335806	0.350100896999969	0.0781732900962547	"Briere"	0.189568614	0	0.040128602	0	0	4	"peu"	87.03	155.06	11.59	0.45	1	0	"Temporaire"	"Agricole"	100	18.047843799
"31"	"122"	35.567	3.30127390705609	268.081	55.2172924760748	0.210047188994384	0.0192390781057725	0.0547737001811312	0.0477519650788034	2.80064623431587	0.124122022385604	0.338231487244077	0.0837124798202343	"Briere"	0.191035573	0	0.021558023	0	0	4	"peu"	24.49	39.15	13.36	0.45	1	0	"Temporaire"	"Agricole"	100	27.7512937314
"32"	"122bis"	37.845	3.23812607235427	302.415	57.181119746429	0.209585252414597	0.0173507281102414	0.0481440283215206	0.0455700594970326	2.82863555916784	0.117108029376651	0.342933756010721	0.0789435845142154	"Briere"	0.186226523	0	0.018985477	0	0	2	"peu"	35.63	84.96	16.04	0.7	1	0	"Temporaire"	"Agricole"	NA	17.7211763309
"33"	"123"	39.873	3.52012247830417	336.279	63.1824277641986	0.210027462780371	0.0160115135788665	0.0377764595774697	0.0414126927448316	2.85751287740854	0.113054574754232	0.351653825708724	0.0762466352213597	"Briere"	0.030783777	0.049111736	0.231553555	0.42228546	308.2160749	2	"peu"	77.38	393.36	18.97	1.1	1	0	"Permanent"	"Recreationnel"	NA	627.369908078
"34"	"124"	32.823	3.43532712743233	230.959	53.333364480096	0.21184492137863	0.0196957221336867	0.0640895651518538	0.0478906306017453	2.75166070999652	0.134683431381061	0.327077561014349	0.0879105639185774	"Briere"	0.027899961	0.075169335	0.210982556	0.44732132	342.0066796	1	"beaucoup"	33.43	52.16	43.15	3.950520019	1	0	NA	"Recreationnel"	NA	605.105790833
"35"	"125"	25.319	3.32419754065388	138.493	39.0493893141212	0.212586792877354	0.0253575365686267	0.0916830700766416	0.0486056033279071	2.60666796535948	0.152337693741677	0.296764913469563	0.0950584801337424	"Mes"	0.139504781	0.082316146	0.347636859	0.06362193	757.2567308	2	"peu"	11.63	7.3	14.04	0.6	0	0	NA	"Agricole"	NA	923.469212346
"36"	"126"	28.307	3.7710704013545	172.643	48.6577139220918	0.211740922257041	0.021574712280859	0.0813900835218694	0.0495881237508302	2.66162896572325	0.14455102929776	0.303598333794164	0.0871228190552486	"Mes"	0.089857993	0.200870261	0.239549452	0.379813808	1516.483963	3	"beaucoup"	82.57	427.56	17.74	0.8	0	0	"Permanent"	"Recreationnel"	NA	1820.44004602
"37"	"127"	21.679	3.63499273344145	102.689	36.1650963387794	0.212653812233834	0.0261749296377018	0.103904797921348	0.0519200421770043	2.4889435337983	0.166003449590463	0.271267224777775	0.0884027942769511	"Mes"	0.141835654	0.128070126	0.247696052	0.355700655	1201.303086	3	"beaucoup"	46.42	144.67	29.18	0.9	0	0	NA	"Recreationnel"	NA	1952.65352252
"38"	"128"	21.178	3.62318139808697	98.302	35.8012083947249	0.212879692966619	0.0281523022625756	0.104430495019002	0.0537648336268433	2.46718385502252	0.166806016413362	0.263636734806816	0.0842770824974653	"Mes"	0.169254328	0.432162366	0.309211724	0.01813304	987.923048	5	"peu"	33.78	75.33	41.99	1.6	0	1	"Permanent"	"Agricole"	NA	1878.64988552
"39"	"129"	26.84	3.65920616934736	155.528	45.1853397788589	0.212107855744599	0.0241133994073596	0.0829623890250629	0.0519814008786903	2.62595909309596	0.149794723137362	0.296302415107237	0.0904271170033481	"Mes"	0.204658508	0.300487918	0.282518122	0.015941936	1489.963819	3	"beaucoup"	77.48	217.2	8.18	0.3	1	0	"Temporaire"	"Agricole"	NA	1727.4482415
"40"	"131"	25.537	3.75536066626546	141.89	44.4630505348302	0.212884136681067	0.0243777786344377	0.0901718378908455	0.0501803689895643	2.60062063596213	0.155386549724553	0.293233907490222	0.0922317539344231	"Mes"	0.290746847	0.459936474	0.094344071	0.016327443	567.4815493	5	"intermediaire"	31.86	72.99	11.31	0.5	0	0	NA	"Agricole"	NA	1536.91476205
"41"	"132"	24.519	3.52704962809982	129.748	39.8632860860413	0.211522014303619	0.025156328112063	0.0952871102600245	0.0505130444499683	2.57149430029301	0.152115982868795	0.284187374168903	0.0914717497368709	"Mes"	0.298785278	0.450416118	0.099682436	0.014804864	532.579637	1	"beaucoup"	32.99	55.93	11.31	0.3	1	0	NA	"Agricole"	NA	1534.08199085
"42"	"134"	22.13	3.62273711773629	106.763	36.7716056486793	0.212426657435686	0.0291360243537126	0.104859543794583	0.0525831309179521	2.50622387032323	0.163188428343617	0.274068396181569	0.093482179411485	"Mes"	0.042981658	0.745450679	0.153609535	0.018675607	803.8133911	2	"peu"	37.4	77.93	7.13	0.6	0	0	NA	"Agricole"	NA	1811.75982792
"43"	"136"	24.057	3.49083613722228	125.9	39.2707804123396	0.21305355512464	0.0262815260582354	0.0933033487127949	0.0522189451601017	2.55745658667482	0.159057165253152	0.281230245108117	0.0915768332703618	"Mes"	0.045492705	0.361508108	0.442727153	0.034487191	1201.794939	2	"peu"	51.97	156.46	36.56	1.25	0	0	NA	"Agricole"	NA	1828.5575051
"44"	"140"	6.996	2.15374618342613	10.648	8.22153815837947	0.184681276672735	0.0505983273745266	0.13078287240252	0.129794995642126	1.59000430168994	0.284346401110043	0.165745627122215	0.0646944778440583	"Mes"	0.166871648	0.149759238	0.124728624	0.080326171	930.4962901	2	"peu"	43.7	128.94	12.23	0.35	1	1	"Permanent"	"Agricole"	NA	2660.08490189
"45"	"141"	10.206	2.71642098043417	23.239	13.6243716369784	0.203014053597563	0.0427285977261381	0.134511045772342	0.0904080549458591	1.91819752962695	0.25801772280657	0.189971213871848	0.0780925808029114	"Mes"	0.189935662	0.16342379	0.394342295	0.056803151	1180.58004	1	"peu"	47.65	126.51	26.18	1.25	1	0	"Permanent"	"Agricole"	NA	2526.25784383
"46"	"142"	14.496	3.1922052211871	46.826	21.6956775977711	0.211822432083037	0.0346976600294178	0.127179985147359	0.0669782729266447	2.20398463530504	0.214521846524237	0.229896836554257	0.0920383403796031	"Mes"	0.054312791	0.68052523	0.086764335	0.084137212	1020.115202	1	"beaucoup"	45.94	149.86	21.39	1.15	0	0	NA	"Agricole"	NA	2358.11843247
"47"	"143"	24.406	3.391262989605	127.989	37.6736802713139	0.211013667018625	0.0262172523150911	0.0955294025802209	0.0516651654536853	2.56915917968824	0.154122280795484	0.286285210777654	0.0909066673497088	"Mes"	0	0.25327107	0.210908373	0.306838165	1517.405199	1	"peu"	19.76	28.03	35.94	1.8	1	0	NA	"Recreationnel"	NA	1385.76458499
"48"	"144"	34.091	3.44914708523942	247.261	53.8532733829064	0.210687033086689	0.0200291695994642	0.0608610252315688	0.0470305419479116	2.77193894892817	0.128317329100319	0.331010720193481	0.0859960826244741	"Briere"	0.261104226	0.04597674	0.039592137	0.011845468	0	3	"beaucoup"	17.91	23.44	9.93	0.2	1	0	"Temporaire"	"Agricole"	0	0
"49"	"145"	21.992	3.50345689429886	105.947	35.3094739404306	0.213948838756267	0.0276407540368276	0.0998353266046126	0.0527952252150794	2.50237267009183	0.167150936712267	0.278057216103284	0.0953027306240612	"Mes"	0.10334643	0.541134471	0.102922265	0.14141357	1079.647026	0	"peu"	52.23	163.62	32.35	0.9	1	1	"Permanent"	"Recreationnel"	NA	1972.55700013
"50"	"146"	30.515	3.23639448294692	198.944	46.0410973657953	0.211388471005279	0.0213574088794879	0.0707936640964939	0.0504532780139653	2.70453490820319	0.134196496070215	0.312110477689891	0.0877937156653971	"Briere"	0.017221275	0.259007619	0.345693865	0.30581935	1100.774184	2	"peu"	16.55	17.03	9.93	0.4	0	0	"Temporaire"	"Recreationnel"	NA	469.530307329
"51"	"147"	36.777	3.61778376348827	287.218	61.1280223065585	0.210355861321144	0.0186881871599749	0.0496611458762164	0.0465154106057767	2.81396815833669	0.126486724861674	0.340082952053677	0.0851231431952125	"Briere"	0.039912888	0.216873065	0.592013274	0.036565499	2352.129207	4	"beaucoup"	53.74	172.61	10.85	1.8	1	0	"Permanent"	"Recreationnel"	30	613.929024958
"52"	"2"	4	0	2	0	0.125	0	0	0	1.125	0	0.15625	0	"Mes"	0.123774678	0.385861197	0.406902239	0.016427075	976.7104167	0	"beaucoup"	47.57	169.09	9.93	1	0	0	NA	"Agricole"	NA	2862.75789242
"53"	"22"	31.259	3.806627038391	209.789	54.1413498609405	0.211642488040916	0.0214704703032823	0.0676616064845485	0.0498915653818317	2.71451716415935	0.135357747291046	0.313885059997823	0.0883954438625668	"Mes"	0	0.540655651	0.219496703	0.210476406	1173.950146	0	"beaucoup"	171.8	536.44	16.26	1	0	0	"Temporaire"	"Agricole"	NA	1687.67640798
"54"	"24"	19.772	3.47765871098791	86.572	31.5514866894147	0.215620901132806	0.0304937152941372	0.106825674225664	0.051772279387579	2.4400259991513	0.178094841894497	0.266708416286839	0.0955717165241952	"Mes"	0.089391463	0.312460703	0.385358229	0.104723093	1474.156785	3	"peu"	37.55	59.72	18	0.7	0	0	NA	"Agricole"	NA	1939.65183494
"55"	"25"	28.424	3.67474185865181	173.45	47.8103475131621	0.211424034378641	0.0233470875393368	0.0826744980393643	0.050734741297335	2.66166067753974	0.139116235769556	0.302342857375537	0.0871851582588523	"Mes"	0.085776128	0.060294019	0.572982024	0.11589391	1818.685346	1	"peu"	86.22	495.21	18.78	0.9	0	1	"Permanent"	"Recreationnel"	NA	1852.7033659
"56"	"26"	19.178	3.54949502252291	80.946	31.5533309920949	0.212707732049527	0.0309877634484802	0.112529289897668	0.0545902982387905	2.41185362743827	0.185442348735535	0.258469358160668	0.0909372659613781	"Mes"	0.081182676	0.680638647	0.064036123	0.049890318	885.6702586	2	"beaucoup"	35.46	79.05	11.31	0.25	0	0	"Temporaire"	"Agricole"	NA	2007.89845464
"57"	"27"	33.737	3.64405133198067	243.217	55.6576291507524	0.211420257653686	0.0198081270684412	0.0591998387562152	0.048491152844147	2.76106536423122	0.128211530055706	0.323327705181621	0.0823310526827599	"Mes"	0.101551023	0.374555575	0.213128826	0.198574472	1674.209742	3	"peu"	146.84	1529.3	20.14	1.15	1	1	"Permanent"	"Recreationnel"	NA	1949.19032537
"58"	"28"	23.654	3.51804784797772	121.573	38.1922678080305	0.212712954495881	0.0260758509795779	0.0975297430511002	0.0494728303345673	2.55540422304713	0.157507874986536	0.287753303191969	0.0944946743186705	"Mes"	0.032559035	0.524031971	0.371388336	0.025441684	1743.425945	1	"peu"	38.13	98.36	12.68	0.4	0	0	"Temporaire"	"Agricole"	NA	1753.18468913
"59"	"29"	25.432	3.61392258307181	138.999	41.6677477217116	0.210795828143569	0.0244673602706779	0.0922448118521272	0.0507916010019446	2.5875939792943	0.155645252835894	0.288574152000526	0.0922508013118814	"Mes"	0.031536964	0.568142349	0.329269292	0.024232044	1765.610138	1	"beaucoup"	59.56	172.74	11.77	2.502809361	1	1	"Permanent"	"Agricole"	NA	1762.76700323
"60"	"3"	5.274	1.34340192374759	5.128	4.05265839172759	0.159093515674942	0.045748369124955	0.081296250779758	0.129041054945033	1.35384357599903	0.223461191709215	0.158559843514628	0.0480409870058397	"Mes"	0.221683945	0.418372043	0.228091206	0.029515878	1873.364268	1	"intermediaire"	37.88	71.71	26.57	1.1	0	1	NA	"Agricole"	NA	2737.29876885
"61"	"30"	36.687	3.78382720910302	286.399	63.2655698728094	0.210532804693588	0.018414414847203	0.0482480774826888	0.046023708075596	2.81123253523191	0.122388422104047	0.339455057780211	0.0820463904982159	"Mes"	0.042153082	0.293542398	0.283940908	0.225781747	2068.880893	2	"beaucoup"	124.66	746.98	20.77	3.606969523	1	1	"Permanent"	"Recreationnel"	NA	1429.42764475
"62"	"31"	34.108	3.6523520744413	246	56.3911336998997	0.209166970750409	0.0194505061316494	0.0623627288521116	0.0494242043974437	2.76880572399164	0.127675495694939	0.326539932038162	0.0832717072616514	"Mes"	0.049110182	0.092396797	0.341958923	0.251816666	1688.230245	2	"peu"	68.99	369.92	13.7	0.6	0	0	"Permanent"	"Agricole"	NA	1305.66245788
"63"	"32"	32.672	3.78559727741168	228.098	54.6462130856714	0.211196102275736	0.0202364068562162	0.0634093360757979	0.0486610007861162	2.74890497447845	0.132170997792512	0.323809264379263	0.0867272769709726	"Mes"	0.076873926	0.580824596	0.191506005	0.065290795	949.4198651	0	"beaucoup"	45.74	139.31	25.8	2.053657331	0	0	"Permanent"	"Agricole"	NA	1033.0827423
"64"	"33"	34.503	3.59679411809015	253.675	56.3484385011823	0.21097484486668	0.0190753220260339	0.056982380248301	0.0455917593880492	2.77857611858545	0.128490583826391	0.331225877975811	0.0851951182746499	"Mes"	0.185313346	0.293369397	0.215508253	0.192990664	859.1550699	5	"intermediaire"	83.37	392.27	24.94	0.85	1	1	"Permanent"	"Recreationnel"	NA	1317.37308727
"65"	"33bis"	27.735	3.81462007627579	165.797	48.78675987334	0.211646308772736	0.0232279502856555	0.0833852458340905	0.0503453650910407	2.642542807881	0.147892515440568	0.297058578746611	0.0851686631207603	"Mes"	0.273825854	0.363444244	0.155115501	0.088646913	665.7462595	4	"beaucoup"	43.17	103.9	10.85	0.5	0	0	"Temporaire"	"Agricole"	NA	1442.96071817
"66"	"34"	28.625	3.67748540430807	177.096	49.566012282345	0.21255004940231	0.0239625719927104	0.0792908621534072	0.0508450802819514	2.67358630018713	0.140853109143614	0.308912361007381	0.0901908873498243	"Mes"	0.10290515	0.309730271	0.372401198	0.020408089	1839.419689	4	"intermediaire"	58.49	232.01	13.59	0.65	0	0	"Permanent"	"Agricole"	NA	1610.677584
"67"	"35"	10.975	2.92385429252621	26.916	15.7609438597868	0.204672108864263	0.0409901343823785	0.13933195520546	0.0892547939689997	1.97645303326237	0.255804795861948	0.19605434678823	0.079753491748585	"Mes"	0.218539283	0.134214607	0.331198066	0.019596365	988.9920965	2	"peu"	72.83	293.49	24.52	0.8	1	1	NA	"Agricole"	NA	2557.06204303
"68"	"36"	26.707	3.67459571295315	153.711	45.3964791511337	0.211359964207895	0.0244898728641413	0.0872498028127964	0.0510510950742462	2.62303323787645	0.146165495103869	0.294882324115557	0.0852124565343241	"Mes"	0.054162301	0.341833208	0.435338545	0.017120198	1756.126562	4	"beaucoup"	49	142.51	9.93	1	0	0	"Permanent"	"Agricole"	NA	1619.28653284
"69"	"37"	25.268	3.6051592438023	138.876	42.2254142621432	0.213060794444909	0.0259058014130067	0.0893501511159492	0.0524636819676382	2.5934121266696	0.155147310592436	0.291511897905365	0.0915289840953872	"Mes"	0.115170566	0.332416109	0.371669102	0.045164678	1803.778139	4	"intermediaire"	38.28	67.78	19.29	1.439442206	0	1	"Permanent"	"Agricole"	NA	1521.42618238
"70"	"38"	33.12	3.65991734810979	234.823	55.3304177295466	0.211565926944878	0.0208243000689903	0.06173100158575	0.049029706938803	2.75843212121373	0.135683143116329	0.327251837104759	0.0887331528478099	"Mes"	0.118006425	0.383099682	0.104540994	0.181872478	1265.643042	3	"beaucoup"	57.55	210.35	25.99	0.7	1	1	"Permanent"	"Recreationnel"	NA	1133.76909159
"71"	"38bis"	32.29	3.55366409900099	222.861	52.4720591934031	0.211350253826377	0.0207268187635557	0.0671203012623543	0.0498128201675002	2.74402476847616	0.13433705490754	0.325995199397216	0.0884884711040847	"Mes"	0.256366385	0.333344304	0.175716049	0.094300302	757.4778301	4	"beaucoup"	87.39	325.56	32.62	0.95	0	0	"Permanent"	"Recreationnel"	NA	1420.93340795
"72"	"39"	21.396	3.40746163511708	100.139	34.1847960251232	0.213326426452187	0.0287037119808954	0.102711652324792	0.0548153477228894	2.48288512479523	0.168000233964721	0.268892083903302	0.0944828254803077	"Mes"	0.081507924	0.315392475	0.407237621	0.018342367	1701.446471	4	"beaucoup"	19.17	26.13	7.13	0.25	0	0	"Temporaire"	"Agricole"	NA	1630.83195673
"73"	"4"	6.964	2.14926111101544	10.406	7.91781888248625	0.183403734621492	0.0484571674741191	0.124388988871649	0.12716244290857	1.58386053460894	0.281543132116653	0.166887721727701	0.0636585488593616	"Mes"	0.092529953	0.489908141	0.310008713	0.060420786	1831.83659	2	"beaucoup"	36.36	79.88	9.93	0.55	1	0	"Temporaire"	"Agricole"	NA	2638.77480071
"74"	"40"	15.615	3.32834085586991	54.171	24.3733013114107	0.211901773153963	0.0345234799024367	0.123503955890344	0.0647350542782811	2.25627609338017	0.204464521454151	0.236012675996871	0.0925048668707017	"Mes"	0.062835966	0.501599336	0.195574431	0.103393219	2497.328983	2	"beaucoup"	40.58	98.24	12.68	0.55	1	0	"Temporaire"	"Agricole"	NA	2247.03796012
"75"	"43"	23.748	3.58264306501936	122.965	39.8444645635546	0.212984690184942	0.0268127942493677	0.0956042895889071	0.0524555459007064	2.55429931155998	0.165957956109164	0.286340414657131	0.100720600855784	"Mes"	0.006181293	0.387394047	0.171959087	0.360483967	1934.128216	2	"beaucoup"	36.52	70.98	15.38	0.6	0	0	"Permanent"	"Recreationnel"	NA	1659.19101317
"76"	"44"	31.808	3.61942484881731	215.41	52.8016658441371	0.210361976061854	0.0206768103021845	0.0697968105875687	0.0500578276715437	2.72494759904881	0.134233077780658	0.315682375256025	0.0864853019121919	"Briere"	0.097532439	0.595818268	0.112220236	0.099720366	1692.563192	1	"beaucoup"	39.38	98.61	8.53	0.8	0	0	"Temporaire"	"Agricole"	80	998.645216046
"77"	"45"	27.656	3.59535680991339	163.838	45.508689244987	0.21075537984973	0.0244870631519515	0.0817987390584058	0.0506966620632498	2.64512721868121	0.148486523906781	0.299470257970454	0.0940155793119152	"Mes"	0.116037877	0.779571952	0.019469897	0.038006224	1287.038568	0	"intermediaire"	52.98	126.96	14.04	1.5	0	1	"Permanent"	"Agricole"	NA	1504.75586927
"78"	"46"	26.822	3.67802172965901	155.785	45.8892645353965	0.212445687113161	0.0248111148797425	0.0868553765657395	0.0497623842625213	2.63547746328768	0.150538270001162	0.301372690108545	0.0919317426072625	"Mes"	0.164305164	0.570515917	0.077634522	0.117176654	1867.143049	3	"beaucoup"	47.64	151.6	10.85	1.15	0	0	"Permanent"	"Agricole"	NA	1613.79553526
"79"	"47"	39.437	3.54578673972415	329.198	62.6102294903703	0.210148242540922	0.0166057850999775	0.0422549264396559	0.0425678569165415	2.85975739825444	0.114522411038833	0.355867570832555	0.0757549858690603	"Mes"	0.107896424	0.489756675	0.149044149	0.16448798	2299.404655	9	"peu"	141.13	1267.24	25.21	3.583260922	1	1	"Permanent"	"Recreationnel"	NA	1458.19720845
"80"	"48"	30.269	3.55179591956721	196.095	48.3382929525399	0.211563764033884	0.0225963372730056	0.0746530063171569	0.0498292710944046	2.70721756273834	0.132152627085174	0.317362973625893	0.085099408762623	"Mes"	0.119831247	0.58450692	0.1191825	0.087960801	2266.087036	6	"beaucoup"	52.57	165.59	13.13	1	0	0	"Permanent"	"Agricole"	NA	1383.70719645
"81"	"49"	28.146	3.64389379125709	170.872	47.5536430251665	0.212127427560002	0.0231595717793215	0.0808225254048327	0.0510266191480206	2.65967597481711	0.143521403027768	0.303196257861762	0.0905785313291596	"Mes"	0.05575988	0.339743097	0.265239848	0.196448932	2104.969508	9	"peu"	44.82	113.85	34.02	5.697549495	1	0	"Permanent"	"Agricole"	NA	1417.79655435
"82"	"5"	9.102	2.6356294395348	18.482	11.8181785967782	0.198685478446826	0.04424471552584	0.144541261072427	0.106081090061201	1.80982485944129	0.275500941258932	0.183395995281346	0.0740319990268963	"Mes"	0.017883039	0.302041602	0.360782171	0.260547017	899.3700041	0	"peu"	58.13	197.25	20.97	1.1	1	1	"Permanent"	"Recreationnel"	NA	2597.59890585
"83"	"50"	29.726	3.82119425383289	190.669	51.8830153931543	0.212149159431197	0.0219553763901959	0.0739003100262221	0.0511678959165433	2.69425222107389	0.144543881050853	0.315219146136235	0.0941276696029499	"Mes"	0.01671099	0.295789566	0.310515821	0.254551349	1823.702148	8	"peu"	55.94	205.49	26.57	1.3	0	1	"Permanent"	"Recreationnel"	NA	1476.20471184
"84"	"51"	34.468	3.60277059441147	252.355	56.7023114795784	0.210170889111713	0.019352258648401	0.0581187021004385	0.0471450596212161	2.77984070400606	0.123186847693201	0.330042902182993	0.08267562418158	"Mes"	0.111113886	0.428607238	0.330418122	0.041454212	1932.876678	1	"peu"	72.49	242.85	13.59	0.75	0	1	"Permanent"	"Recreationnel"	100	1082.55662522
"85"	"52"	26.724	3.44582322496348	153.452	42.5529605368469	0.211501094685624	0.0234191676671889	0.086602492402641	0.0497121555511832	2.62676551063868	0.143137131684148	0.296985129684617	0.0881501055816168	"Mes"	0.064351325	0.354559689	0.281657616	0.142964893	2384.494517	9	"peu"	31.19	58.34	18	0.6	0	0	"Temporaire"	"Agricole"	NA	1358.97922352
"86"	"53"	32.197	3.70106591252964	221.797	53.9133419427829	0.211340904252801	0.0213378003265388	0.0639978606440385	0.0489296388603001	2.74072715577941	0.132482494528376	0.325059507739848	0.0878500100099403	"Mes"	0.020510329	0.268215824	0.347111896	0.228160838	1927.557859	9	"beaucoup"	78.19	316.16	11.65	2.290107947	0	0	"Permanent"	"Recreationnel"	NA	1428.72544167
"87"	"54"	29.572	3.57093371088957	188.508	47.9499857887063	0.212816208503985	0.0231412322018483	0.0763245194002618	0.0488893900214205	2.69434162663847	0.145750682486189	0.314224204297105	0.0931777775010249	"Mes"	0.088139313	0.196972222	0.449751387	0.103380649	2193.17274	8	"peu"	51.99	115.49	8.53	0.55	1	0	"Temporaire"	"Recreationnel"	NA	1310.50162205
"88"	"55"	29.744	3.55796614980007	189.705	47.9015713263723	0.211808854079691	0.0226440646971214	0.0719536828429757	0.0503915912704863	2.69113045190846	0.135623359434503	0.310139819966416	0.0869836957585749	"Mes"	0.084877782	0.251826516	0.393116254	0.11646471	2334.67048	9	"peu"	48.75	122.13	18.86	0.75	0	1	"Permanent"	"Recreationnel"	NA	1289.64705648
"89"	"56"	29.737	3.60233366136562	189.348	49.4215477841941	0.211170236059649	0.0227783092238458	0.0735228827172389	0.0493269487364464	2.69029150189215	0.143122868619756	0.309005076499628	0.0942326059428204	"Briere"	0.09127056	0.509010589	0.125233646	0.176536099	1384.015288	1	"beaucoup"	34.18	68.5	18	1.15	0	0	"Temporaire"	"Agricole"	0	1069.10047091
"90"	"57"	23.508	3.54153617494986	120.188	38.4506841436028	0.213175391299126	0.0271952473757135	0.0958986006995709	0.0501277323757452	2.54225986107398	0.1578730177204	0.280673555222547	0.0928286720552961	"Mes"	0.077692708	0.654164266	0.149788681	0.054658416	1568.065414	1	"beaucoup"	35.64	79.16	16.04	0.8	0	0	"Temporaire"	"Agricole"	NA	1716.36259028
"91"	"58"	32.606	3.75724378778925	228.397	56.6956946583494	0.211983387734252	0.0209982476093394	0.0643348350545691	0.0489928791102306	2.7480143111712	0.138404980717896	0.326358370840545	0.0898914143599754	"Mes"	0.001054333	0.301622116	0.546689771	0.051774008	1148.705841	5	"peu"	51.24	376.94	26.28	0.75	0	1	"Permanent"	"Agricole"	NA	1454.30202897
"92"	"59"	33.501	3.57642136636468	239.217	54.5871199520973	0.21083505360062	0.0201498027774164	0.0629000628331538	0.0493390755080732	2.76336061153131	0.131678772246717	0.329553785588734	0.0833602818984098	"Mes"	0.166218033	0.059907839	0.464181188	0.102714284	1938.138123	8	"peu"	79.21	222.36	21.8	1.35	0	1	"Permanent"	"Agricole"	NA	1149.27091896
"93"	"6"	15.079	3.29022561302179	50.895	23.4295736179709	0.212416097375542	0.0348793827749467	0.124909689441789	0.0641519392900632	2.22955950603885	0.209684963595215	0.230562611759708	0.0874284751101723	"Mes"	0.058426737	0.573422984	0.183293092	0.087877229	1319.459324	2	"peu"	73.6	349.26	10.62	1.367680847	1	1	"Permanent"	"Recreationnel"	NA	2423.54399684
"94"	"60"	27.466	3.53204180599824	163.008	44.4123450449579	0.212711319730947	0.0223848091375826	0.0833724901814246	0.0490603422756802	2.65147312959998	0.152178479579505	0.30633470439723	0.0957548400370036	"Mes"	0.12280649	0.127804598	0.455882422	0.10390656	1927.645657	1	"beaucoup"	29.67	55.4	19.93	0.65	1	1	"Permanent"	"Recreationnel"	NA	1281.22630305
"95"	"61"	29.289	3.6153215001642	184.009	49.1885599853608	0.211101766995013	0.0222035735544808	0.0773631498968261	0.0487089998367883	2.68658208955155	0.139616131956523	0.31071715095583	0.0850037787144642	"Briere"	0.245805073	0.049493799	0.49099538	0.046953768	1394.1918	3	"beaucoup"	33.24	57.44	25.41	0.9	0	0	NA	"Agricole"	NA	1066.5188458
"96"	"62"	32.949	3.66439992724959	231.487	55.6198111682734	0.210595948051363	0.0197637877401878	0.065217567761573	0.0496832400953224	2.7467724917776	0.133464868254811	0.321411245870349	0.0855365305706863	"Mes"	0.111450736	0.277591237	0.244549809	0.07606782	880.3712442	2	"beaucoup"	45.27	137.37	11.77	0.45	0	0	"Temporaire"	"Recreationnel"	NA	989.919038608
"97"	"63"	40.232	3.53421372679507	341.438	65.2776019881346	0.209371963501738	0.0170546664986873	0.0390247140072775	0.0419583353303211	2.86342559072574	0.11351916504794	0.353326731047004	0.0781033088321302	"Briere"	0.046492563	0.093410323	0.206670546	0.333700468	391.0069362	2	"beaucoup"	95.76	415.77	24.7	4.048348737	1	0	"Permanent"	"Recreationnel"	NA	689.875676966
"98"	"64"	41.063	3.48240694895903	354.957	64.8220722597793	0.209023045528706	0.0158801775163648	0.0381417395362891	0.0418014358572156	2.87126628604457	0.111544112819658	0.354250927386754	0.0762372151970698	"Briere"	0.108928147	0.654614124	0.157383402	0.060839796	357.1277544	2	"beaucoup"	99.75	651.13	23.99	1.8	0	0	"Permanent"	"Agricole"	80	862.568951022
"99"	"65"	40.389	3.46492203154482	345.177	63.4683693260265	0.210158836036679	0.0160786080877473	0.0369975297844267	0.0413795568213376	2.86667086321357	0.108787467992264	0.353768529724915	0.0726686721560428	"Briere"	0.092222671	0.680043191	0.133506437	0.06930601	624.3659902	2	"peu"	99.23	601.05	14.84	0.75	1	1	"Permanent"	"Agricole"	5	872.129513963
"100"	"66"	39.264	3.45546585053944	327.955	62.2119063869312	0.211240298232156	0.0174505743023015	0.0405297973375038	0.0427423253270612	2.85421939925861	0.112946266261488	0.352267490064942	0.0784364465603692	"Briere"	0.256305103	0.023590853	0.42061542	0.018524989	1336.02735	4	"peu"	43.78	143.93	18.86	1.15	0	0	"Permanent"	"Agricole"	30	68.7247155918
"101"	"67"	33.196	3.64209401977061	235.302	54.7703988719508	0.211207301625872	0.0199008567663842	0.0604176675432417	0.0476944663756446	2.75354372038804	0.134311994040635	0.322318103767095	0.0851931369876012	"Briere"	0.184877581	0.535355444	0.167156144	0.027803569	1613.085957	4	"beaucoup"	39.39	98.9	9.23	0.25	0	0	"Temporaire"	"Agricole"	40	831.323307902
"102"	"68"	43.832	3.55420995558906	404.599	69.682694242379	0.209321443500363	0.0145291308198143	0.0273575711799849	0.0345615950429786	2.9073561228611	0.102908922040619	0.364518935194091	0.0693300776306891	"Briere"	0.365805938	0.175989475	0.298873043	0.057967679	1137.786066	2	"peu"	129.76	1001.72	18.43	1.3	1	0	"Permanent"	"Agricole"	100	779.174654327
"103"	"69"	36.003	3.59303505422657	275.876	57.9179169955991	0.210987763811549	0.0187393506382395	0.0548888150328476	0.0459086347853495	2.80672118736828	0.126584721191972	0.340722018032861	0.0834765410314604	"Briere"	0.209453338	0.495323634	0.085495928	0.09332468	450.9158795	6	"intermediaire"	58.52	166.2	27.7	2.315680747	1	0	"Permanent"	"Agricole"	60	706.53743438
"104"	"70"	41.607	3.48951683299103	365.239	64.5186681320805	0.2096586251292	0.0155044358955704	0.0343567149905732	0.0393540845907319	2.87709340954379	0.108977845501359	0.355664708003541	0.075239620373872	"Briere"	0.186323847	0.429941053	0.252325948	0.043281661	1330.979962	3	"intermediaire"	92.04	525.49	30.11	0.95	1	0	"Permanent"	"Recreationnel"	75	623.03914887
"105"	"71"	35.886	3.6417394561207	273.657	59.5716386473558	0.210378840836166	0.0184966092672404	0.05436389860417	0.0461008110389068	2.80267303730693	0.127207475827638	0.336945120500033	0.0835737375786384	"Briere"	0.086051652	0.426560161	0.37998011	0.057582193	1096.159797	3	"peu"	45.88	134.96	21.8	1.542572014	0	0	"Permanent"	"Agricole"	40	598.242503718
"106"	"72"	40.798	3.45849058942729	352.539	63.870101525431	0.210422144358521	0.016112027744611	0.0354248534156132	0.0398661828955622	2.87424933554519	0.112531272062797	0.356976517286906	0.0751631626886747	"Briere"	0.27208083	0.374902782	0.200451572	0.054722762	1272.196461	3	"peu"	106.42	459.57	26.76	2.045225883	1	0	"Permanent"	"Recreationnel"	90	640.096432208
"107"	"73"	37.509	3.57220935552211	298.114	61.7009725532265	0.209973831964437	0.0184739101900131	0.0471141307681611	0.0456406099123599	2.82561860668312	0.12273612899225	0.343319097626993	0.0824594434176269	"Briere"	0.27736389	0.016709398	0.507062367	0.158349085	949.9457547	3	"beaucoup"	46.67	143.11	16.26	0.7	1	0	"Temporaire"	"Agricole"	100	409.268825104
"108"	"74"	48.51	3.19219205094087	493.807	70.1976884695391	0.208925003101636	0.0121816407333592	0.0159757003009055	0.0256320695904518	2.95809124676248	0.0841284095288764	0.37843092412197	0.0600592491209913	"Briere"	0.065035885	0.013683414	0.768453375	0.079598593	1915.139217	3	"peu"	145.19	1355.53	11.77	2.285683919	1	1	"Permanent"	"Agricole"	65	217.867174537
"109"	"75"	47.241	3.12068224234023	467.27	68.1708321964927	0.208404097215548	0.0126229629936221	0.0201378584581403	0.0300474180903902	2.9475014382381	0.0897221547863408	0.376896353321812	0.0630908905137067	"Briere"	0.333582354	0.04847933	0.478522668	0.055326452	1405.388626	5	"peu"	139.08	1048.63	21.6	1.912295474	1	1	"Permanent"	"Agricole"	70	251.496785956
"110"	"75bis"	46.2	3.24569476915722	449.289	68.5906127042991	0.209458011604668	0.0135223092741515	0.0219555960544111	0.0324033240470083	2.9346011338139	0.0948206128360312	0.372222433878389	0.0676268860769336	"Briere"	0.172285763	0.2773553	0.295534565	0.091841002	1557.169249	4	"peu"	134.39	1051	18.22	0.65	1	1	"Permanent"	"Recreationnel"	90	442.254532984
"111"	"76"	37.225	3.50037535524801	293.837	59.9652921886258	0.210232995881495	0.0176640794065176	0.0471549435576349	0.0443954096504694	2.82870614977684	0.120537263767171	0.346655267390202	0.0823422891804226	"Briere"	0.109841585	0.60109848	0.197590167	0.024560596	1966.765781	2	"peu"	76.83	280.17	17.03	0.8	1	0	"Permanent"	"Agricole"	0	806.153974389
"112"	"762"	16.23	3.31301615994792	58.475	25.0999877367377	0.213185978241715	0.0334382965129855	0.117389216009232	0.0597430750067845	2.28732714811888	0.196504654368248	0.238177170647849	0.0907403438141379	"Mes"	0.073990031	0.269921688	0.443371968	0.112811374	1846.698895	3	"peu"	98.32	278.69	28.15	2.026393917	0	1	"Permanent"	"Recreationnel"	NA	2357.08515805
"113"	"77"	35.268	3.69104318584866	264.698	59.0310041880998	0.210627544215492	0.0188650515884905	0.0537506525487625	0.0472492512812359	2.78847822814692	0.126837632485367	0.331883530347797	0.0822835512717052	"Briere"	0.140091752	0.203584484	0.27489594	0.140066359	504.4187502	1	"beaucoup"	66.67	274.56	12.34	0.85	0	1	"Permanent"	"Recreationnel"	NA	1032.13061639
"114"	"79bis"	39.627	3.36648246753257	331.089	61.8694181636122	0.209320296059252	0.0164910757536034	0.0396372609362199	0.0428504104398021	2.85027045306477	0.111372462746767	0.346160976690117	0.0738063798641159	"Briere"	0.003738837	0.15181891	0.461404261	0.259174342	1271.498956	3	"peu"	58.14	241.3	20.14	0.9	1	1	"Permanent"	"Recreationnel"	NA	342.140490062
"115"	"806"	21.757	3.71345401758804	104.288	37.0733528223371	0.214141344276199	0.028351437090937	0.100658284418247	0.0522052260343614	2.49301705976614	0.16548744542554	0.267360195244955	0.0881608462763271	"Mes"	0.086959741	0.229148642	0.434554247	0.06018541	1906.011121	5	"peu"	256.26	1636.48	23.63	2.703765795	1	1	"Permanent"	"Agricole"	NA	2418.41178646
"116"	"81"	32.471	3.33410786797237	224.884	49.5662522020513	0.211233230574331	0.020354217905167	0.0651695415485486	0.0480719107613695	2.74570048234128	0.127581516475876	0.322382423208732	0.083468592157031	"Briere"	0.347441047	0.193805869	0.090786886	0.018788198	950.0261491	1	"intermediaire"	14.93	12.54	18	0.9	0	0	"Temporaire"	"Agricole"	NA	9.60887336334
"117"	"812"	24.358	3.76031594097836	128.484	41.8449608046745	0.211750239915376	0.0254614237727381	0.0938954347503059	0.0512078837156746	2.56628739178465	0.161293942173427	0.286476190067815	0.0938885479279107	"Mes"	0.084090956	0.375587993	0.311683609	0.149141474	2267.879275	4	"peu"	121.26	873.96	21.18	0.9	1	1	"Permanent"	"Recreationnel"	NA	2215.05179412
"118"	"83"	32.072	3.38796314830818	219.905	50.482536202745	0.211473516064103	0.021171332945456	0.0649142987582197	0.0491437380646405	2.73399010614427	0.133585418190812	0.320699368490201	0.0894759116922295	"Briere"	0.058567186	0.28918404	0.523306551	0.04219789	1394.047711	2	"peu"	17.07	18.12	24.23	0.45	0	0	"Temporaire"	"Agricole"	NA	276.580599236
"119"	"853"	37.191	3.53114542152939	297.941	59.7976360425416	0.213725308787456	0.0176118803049988	0.0446519672493826	0.0444062150372041	2.82108907841735	0.113075195856667	0.343475987045957	0.0772928307319627	"Mes"	0.147773118	0.282442276	0.255221945	0.058213749	2324.623483	1	"peu"	424.98	8950.53	11.31	5.634338122	1	1	"Permanent"	"Recreationnel"	NA	2388.85970597
"120"	"85bis"	34.485	3.53415693840345	252.859	56.116166504343	0.210326391816272	0.0192625906352192	0.0588638054130033	0.0476761857907911	2.77906343722531	0.129038081326841	0.331624758090755	0.0850685913020007	"Briere"	0.010556627	0.295649067	0.598225378	0.034194592	1829.381995	6	"peu"	32.37	74.86	29.9	1.8	0	0	"Temporaire"	"Agricole"	75	504.376874648
"121"	"86"	35.682	3.48439621986608	270.894	57.5420876911488	0.210827722929457	0.0189521885643752	0.0542945062277622	0.0477186473218277	2.79913341026881	0.123967903489345	0.334702973595911	0.0793522947558886	"Briere"	0.00072128	0.235219155	0.686307481	0.015696458	1629.981656	5	"peu"	34.83	83.58	25.99	1.15	1	0	"Permanent"	"Agricole"	40	374.855225811
"122"	"87"	35.99	3.37924833643805	274.88	56.4998746532754	0.210341714099404	0.0188376676238968	0.0517008574324725	0.0444229727316653	2.8065456067309	0.120761090962894	0.340982397784995	0.08224638434509	"Briere"	0.000718805	0.47583418	0.450924592	0.011780433	1903.021446	5	"beaucoup"	37	104.71	17.35	0.5	0	0	"Permanent"	"Agricole"	60	430.584938014
"123"	"88"	38.079	3.54165248186525	306.518	61.8946089624825	0.20959279721349	0.0173880935721604	0.04767922205884	0.0446992594166811	2.83779439445881	0.123108021379422	0.348784728359016	0.0819195555803843	"Briere"	0.000708353	0.261182142	0.649627384	0.016075413	2112.204016	5	"peu"	46.63	145.76	17.14	0.95	1	0	"Permanent"	"Agricole"	25	308.16792476
"124"	"888"	43.825	3.43251469875326	406.276	67.8897992989289	0.210330223847138	0.0143463305457254	0.0260369957045865	0.034638966627879	2.91604894048515	0.0995473020370796	0.370431462368442	0.0698421422247641	"Briere"	0.093893884	0.02357435	0.357743698	0.244082479	592.9229753	3	"peu"	118.31	780.08	16.92	1.35	1	1	"Permanent"	"Recreationnel"	NA	580.928989294
"125"	"89"	36.632	3.29019777542345	284.681	55.2836098361577	0.210644522175601	0.0185838883680298	0.049600227544808	0.0447295962318926	2.8132536276843	0.119444195061301	0.340082757928541	0.0807189781080258	"Briere"	0.000720357	0.148857641	0.764672563	0.01599859	1949.982835	5	"peu"	35.66	90.45	12	0.2	1	0	"Permanent"	"Agricole"	20	277.566033583
"126"	"893"	37.45	3.53043396255531	297.595	60.4929944487573	0.210446752429234	0.018650658771633	0.0476047808592586	0.0442770754495565	2.82832986979542	0.115700438422545	0.345668778218268	0.0782741369145928	"Mes"	0.074244168	0.102154161	0.628800425	0.090070281	2082.50168	1	"peu"	132.83	902.4	29.72	1.6	0	1	"Permanent"	"Recreationnel"	NA	1463.70561146
"127"	"893bis"	29.653	3.70030853893068	190.768	50.8522381624066	0.213647884412263	0.0231559306830806	0.0723235583253302	0.0500720604297224	2.69212126755426	0.143883449125843	0.314756075574105	0.090877250750464	"Mes"	0.141197219	0.001355462	0.718635794	0.081048503	1418.229552	3	"peu"	51.9	199.85	16.26	0.45	0	0	"Temporaire"	"Agricole"	NA	1485.28938983
"128"	"894"	28.488	3.5803176778988	175.186	47.4788125550928	0.212578111908876	0.0232025657305955	0.0793669714165818	0.0498010492789651	2.66404908810305	0.137502839778993	0.305725509916314	0.086565876897566	"Mes"	0.119235408	0.3854125	0.082371318	0.202317977	988.4921973	1	"beaucoup"	34.94	52.68	29.36	1.5	0	0	"Permanent"	"Agricole"	NA	1130.09821044
"129"	"90"	38.569	3.30244532810842	314.214	59.9355192725521	0.209645341667137	0.0176527916133571	0.0427235283586331	0.0433685900894997	2.84402542158842	0.115304634088985	0.34993401048128	0.0798252239150933	"Briere"	0.000704976	0.207482935	0.705586992	0.015988943	2034.691	1	"peu"	57.83	153.32	18.86	0.6	1	0	"Permanent"	"Agricole"	80	279.388396263
"130"	"91"	39.138	3.46134900536437	323.003	61.2277046999381	0.209397964242667	0.0166898705924388	0.0412237207081046	0.0432554821981691	2.84786787111925	0.110855620961465	0.348011520832015	0.0749261950941848	"Briere"	0.022074843	0.004061163	0.872694645	0.008663532	1294.158946	1	"beaucoup"	45.98	137.86	18.43	1	1	0	"Permanent"	"Agricole"	50	86.3290051751
"131"	"92"	59.72	1.79522222101411	743.425	46.7963489310146	0.208282109667041	0.00523177802064654	0.00354020470228923	0.00403347713335846	3.05732591608374	0.0399388726421427	0.411292582406303	0.0283936904563773	"Briere"	0.058401759	0.048990201	0.562581169	0.014214052	1719.612647	1	"beaucoup"	297.19	6188.41	14.93	0.85	1	1	"Permanent"	"Agricole"	0	0
"132"	"93"	37.91	3.50316602121169	304.108	62.3425772079799	0.209665567543614	0.0176589934891968	0.0454966275028292	0.0431422546926471	2.83118157161132	0.123271215113589	0.34506447181012	0.0826992163842416	"Briere"	0.215280123	0.461896409	0.209587563	0.026105748	1467.771296	2	"beaucoup"	47.97	152.65	16.7	0.35	0	0	"Temporaire"	"Recreationnel"	100	346.043835588
"133"	"932"	55.62	2.45430715755458	644.367	61.3671919126437	0.207890606254655	0.00828053569919742	0.00648994352854928	0.0104633036412925	3.02546575112101	0.0622746811161176	0.400718758865417	0.0456673224658665	"Briere"	0.272131282	0.009519976	0.239911896	0.147983666	986.581617	0	"peu"	339.99	3585.94	14.93	2.21580354	1	1	"Permanent"	"Agricole"	NA	0
"134"	"937"	41.42	3.47500729145648	361.523	66.1171759223876	0.209272048969501	0.0162829755626063	0.0335073793377932	0.0395238111567398	2.8746414750603	0.111590181145923	0.35513248508159	0.0761904536109455	"Briere"	0.236290882	0.234993774	0.332794981	0	654.2873646	1	"peu"	64.76	225.82	23.93	0.65	1	0	"Permanent"	"Agricole"	50	22.630050957
"135"	"94"	40.738	3.48733673704125	349.969	63.7946533558793	0.209422845869082	0.0156626058825926	0.0373530916088742	0.040936990091078	2.86776675897857	0.108428613184473	0.351586779697881	0.0738184734394832	"Briere"	0.372553028	0.384760404	0.138348028	0.024091544	934.1560809	3	"beaucoup"	78.44	300.48	19.61	1.3	1	0	"Permanent"	"Agricole"	10	359.648936711
"136"	"949"	37.584	3.54930155686179	299.807	61.5917957223225	0.210417338571062	0.0180421847816712	0.047514231893136	0.0466265270727638	2.83164745423107	0.117813667791774	0.347411116656954	0.0796440161916127	"Briere"	0.10410888	0.050097196	0.368734576	0.191960331	754.2083518	1	"beaucoup"	51.75	208.06	18.86	0.5	1	0	"Temporaire"	"Recreationnel"	NA	606.735705351
"137"	"95"	48.009	3.10975715926334	484.362	68.2860156689196	0.209274660054108	0.0124290757634442	0.0163451886291223	0.0264849940136628	2.95646132504982	0.0907381795283019	0.379511556505188	0.0636501557962161	"Briere"	0.123340581	0.00660461	0.773402817	0.035274868	2157.120423	2	"intermediaire"	179.4	1391.17	12.91	0.6	1	1	"Permanent"	"Agricole"	70	416.970927164
"138"	"954"	41.539	3.45693931526566	364.429	64.8250973948536	0.209804296151726	0.0155924323364151	0.0317400189897138	0.0383232328385047	2.87904956564102	0.107889851825079	0.357056843157666	0.0752165256969761	"Briere"	0.343487541	0.159603807	0.263450969	0.065406172	1231.646184	0	"beaucoup"	77.69	430.94	18	4.277205457	0	0	"Permanent"	"Recreationnel"	NA	445.999191732
"139"	"96"	37.708	3.41355948950482	301.835	59.135884434308	0.210613671297814	0.0175919015991416	0.0456679949795337	0.0441216317532379	2.83189476480882	0.117384480017647	0.345289147451936	0.0783799372112665	"Briere"	0.237114839	0.115402089	0.461395887	0.143733524	1306.797373	2	"beaucoup"	47.04	142.75	25.8	0.7	0	0	"Temporaire"	"Recreationnel"	80	356.46049002
"140"	"960"	46.006	3.08796041093462	444.386	65.1500539795136	0.209011234601294	0.0130646858871041	0.0210868004217537	0.0308742355555629	2.93413264443578	0.095933281236371	0.372392728668153	0.0669580386828112	"Briere"	0.410949313	0.178375252	0.292896227	0.068810895	865.220131	1	"intermediaire"	132.83	1186.87	22.62	2.186283424	0	1	"Permanent"	"Recreationnel"	90	595.509890258
"141"	"961"	31.643	3.73409888654472	214.741	55.0207160822012	0.211363295004346	0.021266323681885	0.0693441383436221	0.0497156721295735	2.72612123406779	0.137848812079778	0.316829037689579	0.0875917148334666	"Mes"	0.111804128	0.029144684	0.471887143	0.200723801	719.4667761	3	"intermediaire"	86.82	526.39	13.22	1.2	1	0	"Temporaire"	"Recreationnel"	NA	1681.78859597
"142"	"97"	39.387	3.53945741021965	326.308	62.5671622001972	0.20880822904797	0.0169495132719529	0.0418970083427924	0.0419665658527388	2.84734092067877	0.111025712813897	0.346117735796503	0.0752233465035599	"Briere"	0.311052625	0.128971094	0.380252558	0.136727979	1098.327226	2	"intermediaire"	60.37	222.51	26.85	0.9	0	0	"Temporaire"	"Recreationnel"	70	360.651348801
"143"	"98"	36.881	3.56195543578615	289.333	60.7419269754648	0.210658006731397	0.0180396619361623	0.0533935313052652	0.0463155015412887	2.81929583548503	0.124627161341521	0.344237886701498	0.0836798043886673	"Briere"	0.495879582	0.047141501	0.284535776	0.084156379	1004.017934	2	"beaucoup"	44.68	130.85	14.71	0.4	0	0	"Permanent"	"Recreationnel"	100	435.98313607
"144"	"99"	36.96	3.43485053505945	289.958	59.1320796086087	0.210412033187811	0.0178062645916835	0.0478035983141458	0.0454033700840243	2.82104487411063	0.123666854299034	0.342876006780821	0.0829106689738951	"Briere"	0.605667762	0.147992657	0.163585346	0.01717291	467.096376	2	"beaucoup"	47.93	87.23	14.93	0.75	1	0	"Permanent"	"Agricole"	95	245.927848945
"145"	"A"	37.539	3.30989945986799	299.873	57.5231412805558	0.211210490224729	0.0177892971553543	0.0470655553505472	0.0443164910855844	2.82562871679219	0.121391407723945	0.343442458786917	0.0811273227867106	"Briere"	0.384018234	0.180919777	0.173151095	0.078604355	1361.190016	2	"beaucoup"	49.6	139.26	17.57	0.85	0	1	"Permanent"	"Recreationnel"	NA	371.098674694
"146"	"B"	36.831	3.37992054090963	287.771	57.8136227369811	0.210262241052005	0.0173942750029369	0.0492439689026974	0.0453064947048471	2.8115637484965	0.121385514275946	0.338064087191788	0.0820902400393557	"Briere"	0.165701075	0.307187822	0.248442868	0.105253565	1179.657943	5	"peu"	48.09	139.94	17.57	0.55	1	0	"Temporaire"	"Recreationnel"	100	483.79106102
"147"	"Bois"	24.883	3.49850690303028	133.589	40.2908852525535	0.211449080641654	0.0247296495844576	0.093636939763286	0.0523936549729663	2.57311861791632	0.154695980186288	0.284862753196281	0.087203982479733	"Mes"	0.123456517	0.583711534	0.12722016	0.090510766	2205.168093	7	"peu"	26.76	47.26	14.04	0.3	1	0	NA	"Agricole"	NA	1458.04501544
"148"	"C"	37.578	3.42748649357859	297.604	57.8728472640707	0.209127635733384	0.0177445243711945	0.0455257663577483	0.0451051818912138	2.81674258766859	0.118203819718756	0.337483208672511	0.0789360713563526	"Briere"	0.132642322	0.366309302	0.44201337	0.024327811	1163.008408	3	"peu"	59.13	213.91	14.93	0.9	0	0	"Permanent"	"Agricole"	60	627.609117502
"149"	"D"	13.202	3.02760009947852	39.057	19.1804494379209	0.211285483859445	0.0359790501864494	0.12786261527096	0.0736325821932106	2.12963014709447	0.218238525989919	0.217433956022928	0.0818279676650768	"Mes"	0.049614312	0.300422248	0.150649516	0.426098761	1348.093945	0	"peu"	35.61	69.27	11.31	0.2	0	0	"Temporaire"	"Recreationnel"	NA	2322.61828011
"150"	"F"	29.879	3.61488954553613	190.8	49.5396020590817	0.210777885980556	0.0225055136598792	0.0757525960050688	0.0486557771456462	2.69312806502195	0.13922348391199	0.311597581904772	0.0880639103638302	"Mes"	0.113799208	0.295575184	0.359517079	0.112102087	1619.938528	5	"beaucoup"	58.28	202.59	16.7	5.842975229	0	0	"Permanent"	"Recreationnel"	NA	1466.64688672
"151"	"G"	28.763	3.73051574822406	179.174	49.3617088673225	0.213146158346503	0.0230260967328707	0.075390928999568	0.0499294424408939	2.67164803356696	0.143191022460275	0.3070364154422	0.0867533214603924	"Mes"	0.000570662	0.280498133	0.547886833	0.050204489	1131.811428	3	"peu"	69.39	151.1	14.93	3.793294163	0	0	"Temporaire"	"Agricole"	NA	1471.77988405
"152"	"I"	35.794	3.54176624131352	271.864	56.7698892400216	0.210362321702475	0.0185278067894029	0.0527429309447824	0.0466628711176459	2.80137650462096	0.122023734349291	0.334682578523358	0.0822116065189283	"Briere"	0.221955643	0.32196906	0.202157967	0.124238816	670.1332835	3	"intermediaire"	78.29	236.34	19.93	0.6	0	1	"Permanent"	"Agricole"	70	896.875136301
"153"	"J"	41.567	3.38274355426981	364.308	63.7652973736432	0.209542761895313	0.0158543857064806	0.0366969482122265	0.0427217499876637	2.88512811630863	0.108534234753758	0.361208353102913	0.0749570891233239	"Briere"	0.310530978	0.004007194	0.228570558	0.208969529	573.1714818	1	"intermediaire"	65.18	277.52	13.36	1.15	1	1	"Permanent"	"Recreationnel"	NA	109.745128199
"154"	"K"	41.73	3.27594747085966	366.287	62.5349922543871	0.209094756237606	0.0155500375169889	0.0333888590619715	0.0392616760030791	2.88071099891385	0.106208163671279	0.354793142946611	0.0705372095972435	"Briere"	0.101733425	0.053178963	0.102586922	0.058430784	392.3820498	0	"beaucoup"	57.27	249.38	19.29	1.038420599	1	1	"Permanent"	"Recreationnel"	NA	0.80170061191
"155"	"L"	25.431	3.56734704857335	140.585	42.2459879574203	0.213084817976438	0.0255551164059326	0.0898050903719905	0.0492988185171218	2.59902874825636	0.154927066572253	0.293266827933856	0.092899997035859	"Mes"	0	0.366600089	0.251887991	0.195200317	1735.374639	2	"peu"	35.53	67.4	37.78	1.15	0	0	"Temporaire"	"Recreationnel"	NA	1501.79464945
"156"	"Sup1"	21.764	3.63118293252894	103.315	35.2633134613904	0.212845305293279	0.0285129976160769	0.100983293677421	0.0507225632709167	2.49794711986402	0.166228198764049	0.274503671323533	0.092483609127013	"Mes"	0.12760119	0.582084895	0.230070506	0.015962605	975.336425	4	"peu"	51.25	126.15	9	0.6	1	0	"Permanent"	"Agricole"	NA	1931.10328292
