"Site"	"n_mean"	"n_sd"	"L_mean"	"L_sd"	"C_mean"	"C_sd"	"Modularity_mean"	"Modularity_sd"	"Mean_trophic_level_mean"	"Mean_trophic_level_sd"	"Mean_Omnivory_Index_mean"	"Mean_Omnivory_Index_sd"	"Reseau"	"Bois"	"Cultures"	"Prairies"	"Surf_Urbanisees"	"Longueur_haies"	"Nb_de_mares"	"Vegetation_aquatique"	"Perimetre"	"Surface"	"Pente_en_rive_moyenne"	"Profondeur_maximum"	"Ecrevisses"	"Poissons"	"Hydroperiode"	"Anthropique"	"Ripysylve"	"Distance"
"1"	"100"	34.517	3.43591567366205	249.718	55.2915330736057	0.207484171846106	0.020488297067127	0.0589134828408206	0.0479072846292209	2.77522173924404	0.13384369244701	0.333262418070713	0.0870996145096062	"Briere"	0.037828692	0.285287742	0.554322988	0.028634105	1987.679437	0	"intermediaire"	37.38	87.15	21.8	1.2	0	0	"Permanent"	"Agricole"	10	600.26552984
"2"	"101"	42.684	3.29651497964305	380.686	65.7177923566535	0.207580689665219	0.0152490803139092	0.0302232365622791	0.0367010456237092	2.88892319231927	0.103035615431368	0.358148263754086	0.0686155161945642	"Briere"	0.046113988	0.296274602	0.597429248	0.026819522	1356.661423	1	"beaucoup"	95.43	484.44	19.54	1.2	0	0	"Permanent"	"Agricole"	50	369.584276851
"3"	"1011"	40.68	3.3557206172238	345.688	63.1445000287744	0.207381485241666	0.0158509969206797	0.0384688714863309	0.040290874266962	2.85985013688005	0.110848534250877	0.349022334171871	0.0723128769984653	"Briere"	0.051968793	0.057297595	0.641160666	0.216715066	1213.774599	2	"peu"	81.87	348.02	16.04	0.4	0	1	"Temporaire"	"Recreationnel"	30	446.811718668
"4"	"1016"	45.621	3.25698740663316	434.805	68.4009332002325	0.207803877227833	0.0135967167820508	0.0234264001256337	0.0327202770237419	2.92740804591819	0.101017899902181	0.372066264421863	0.0696627227629933	"Briere"	0.424565654	0.254446551	0.257066864	0.035720376	489.9941207	3	"peu"	146.56	1079.13	20.35	1	1	0	"Permanent"	"Recreationnel"	95	606.372590732
"5"	"1038"	16.75	3.39986162351632	59.412	25.8050025025024	0.203054688023917	0.0344322828420872	0.122827975497377	0.0602871370354311	2.28399547138576	0.205503603541356	0.237491647864052	0.0912838206882459	"Mes"	0.085426859	0.302328369	0.376948625	0.177097769	1524.011903	3	"beaucoup"	35.53	82.22	29.9	3.69939854	1	0	"Permanent"	"Recreationnel"	NA	2169.83644975
"6"	"1038bis"	17.448	3.41276177647121	64.826	27.1939558585219	0.204359374694239	0.0336805968169204	0.120918002617407	0.0602454873532696	2.30947697499825	0.202576680262189	0.240719792607161	0.0912080406398916	"Mes"	0.090478864	0.316133551	0.357603816	0.171891432	1627.795889	5	"intermediaire"	43.08	108.86	15.82	0.7	1	0	"Permanent"	"Recreationnel"	NA	2173.93975892
"7"	"104"	36.464	3.38321594790373	279.186	56.5752433681214	0.208174139883	0.0189191199078634	0.0530381472551296	0.0462554364883976	2.80981973720802	0.120215729999943	0.340481036926748	0.0808386855671035	"Briere"	0.245368627	0.286136331	0.075456337	0.020280111	1359.721057	1	"intermediaire"	26.27	52.27	16.04	0.6	1	0	"Temporaire"	"Agricole"	NA	7.70789835116
"8"	"1040"	52.168	2.92272446842297	567.005	69.5954920056429	0.207657818884473	0.0103487718607788	0.0100242417621718	0.0176225658095264	2.99796977797211	0.0762761318549777	0.393018952283031	0.0539348729637343	"Briere"	0.06192122	0	0.625990328	0.01584028	1995.787044	2	"peu"	173.7	2142.52	16.92	2.509043622	1	1	"Permanent"	"Agricole"	10	9.68302464485
"9"	"105"	36.123	3.33661565122566	273.256	57.0878751530436	0.207479978091753	0.0191967439851229	0.053001668854257	0.0469599292944898	2.79752326075543	0.126544994418242	0.336539031707911	0.0825668558238854	"Briere"	0.33479565	0.194832657	0.395733099	0.029719842	1528.128917	1	"peu"	30.81	61.88	35.47	1.4	0	0	NA	"Agricole"	NA	170.176153905
"10"	"106"	33.015	3.30933931876541	228.878	49.9247593644436	0.208088463248803	0.0208898249488544	0.0644371943205363	0.0468961215411101	2.74688383768003	0.133938665084219	0.325943746478212	0.0878694412996477	"Briere"	0.533833138	0	0.166428135	0.013492135	267.7129403	0	"beaucoup"	15.85	15.39	15.38	0.3	1	0	"Temporaire"	"Agricole"	NA	42.1817620955
"11"	"107"	32.355	3.49101162446678	218.73	51.7338911690924	0.206521055057546	0.0206611435813103	0.0691422400675127	0.0486568317046676	2.73509946377365	0.135753182464104	0.321771937962359	0.0872849232779165	"Briere"	0.604229829	0	0.048678276	0.000142924	0	4	"intermediaire"	14.68	13	20.56	0.5	1	0	"Temporaire"	"Agricole"	NA	46.3635255232
"12"	"108"	37.476	3.31427343597483	293.747	57.1475181423466	0.207515678170693	0.0181891498829113	0.0475033491273745	0.0448092908014273	2.82086160280081	0.124286280766554	0.343340514085626	0.0796053767603473	"Briere"	0.208107811	0.416476998	0.092616778	0.058284363	917.9703744	4	"peu"	53.07	189.4	11.77	0.9	1	0	"Temporaire"	"Recreationnel"	95	601.842205373
"13"	"109"	39.145	3.4834048155661	321.597	61.5516303130485	0.208321918044831	0.0169797663916052	0.041412024371222	0.0432034689642768	2.84913764293986	0.119404870674865	0.349484615573649	0.0815946997007104	"Briere"	0.194484517	0.346211442	0.153071601	0.102928066	1058.855164	1	"beaucoup"	64.42	261.14	29.08	1.1	0	0	"Permanent"	"Recreationnel"	20	506.954534728
"14"	"111"	31.815	3.48294500472027	212.736	50.5563076603132	0.207731418820401	0.0211825924123906	0.0680045591878635	0.0485248825243811	2.7232518099951	0.13584148349282	0.318335874832191	0.0838087497682758	"Briere"	0.173260785	0.333594073	0.261815091	0.0828384	1430.709483	2	"peu"	21.59	34.11	21.18	0.5	1	0	"Temporaire"	"Agricole"	40	556.036919123
"15"	"112"	39.673	3.42926097444199	330.199	63.9395626092849	0.208080587415888	0.0168251917017037	0.041154324285536	0.0426319457862124	2.8556791222202	0.118462437162282	0.354021805801605	0.0804783824945208	"Briere"	0.046931553	0.006661375	0.814268946	0.025453363	1617.825203	3	"intermediaire"	53.09	179.28	8.53	0.25	1	0	"Permanent"	"Agricole"	30	181.562088195
"16"	"1123"	60.59	1.45258735021685	763.671	39.8412359632967	0.207896148403618	0.00433300222697612	0.00340531596089016	0.00397645465231387	3.06343282965089	0.0367192768128975	0.412273300119091	0.0258900399314206	"Briere"	0.262353768	0.097109125	0.14960703	0.005330751	342.930408	2	"beaucoup"	358.57	7022.79	9.69	2.983101387	1	1	"Permanent"	"Agricole"	0	0
"17"	"114"	33.687	3.53206830433763	238.181	54.9009868523086	0.207502754932369	0.0205393442619142	0.0608845103285245	0.0477545497967351	2.7544852778531	0.137450300598696	0.324244177159101	0.0833210706593444	"Briere"	0.036648079	0.530458088	0.352899753	0.024916902	2179.593339	3	"peu"	45.67	134.97	24.62	1.25	0	0	"Temporaire"	"Agricole"	100	911.407444709
"18"	"1141"	34.632	3.64030600744331	252.821	57.1483761439981	0.208559855372539	0.0197359961833891	0.0577720654333409	0.0477997076974695	2.77714634793286	0.138247259649948	0.332589299727836	0.0888633719472759	"Briere"	0.162718768	0.174214402	0.262489216	0.144198906	481.828879	2	"beaucoup"	59.05	227	13.13	0.75	0	0	"Permanent"	"Recreationnel"	NA	1031.61706663
"19"	"115"	34.993	3.50388758784129	257.003	55.9378050072492	0.207864128838589	0.0196375390173348	0.0590951142322561	0.0484510188611117	2.78127326069226	0.132141506297221	0.334359488956862	0.0867257081552179	"Briere"	0.045445132	0.483904386	0.38008965	0.027824275	2547.248535	3	"intermediaire"	61.51	204.7	34.99	2.2	0	0	"Permanent"	"Agricole"	45	969.682990291
"20"	"116"	35.374	3.59124226710215	264.024	58.0602998822984	0.208914758743117	0.0191083058188198	0.0536036479333988	0.0465844257649231	2.78856435959735	0.128632526598295	0.335118949613586	0.0831193595176208	"Mes"	0.142898171	0.229496371	0.215136133	0.122165345	697.3736081	1	"peu"	94.39	401.67	23.03	0.75	0	1	"Permanent"	"Recreationnel"	NA	1238.47367734
"21"	"1178"	43.1	3.30013498070774	387.74	64.7278618223721	0.207563154963633	0.0153846902517611	0.0310377489383488	0.0373056228728611	2.9001310584222	0.106859604168742	0.364051079426101	0.071270962730926	"Briere"	0.318068057	0.138828172	0.449840784	0.042266833	398.1906515	2	"intermediaire"	82.27	340.82	12.68	0.5	1	1	"Permanent"	"Agricole"	50	17.9188097598
"22"	"1179"	56.094	2.49587527600908	655.023	62.6938193603324	0.20776266169156	0.00800513620859091	0.00593493631433931	0.00908879680394308	3.02715658100116	0.0611340876488752	0.400631743994067	0.0420142456311779	"Briere"	0.345713257	0.148975167	0.268695028	0.01747242	509.9431604	6	"beaucoup"	256.61	3881.87	8.53	2.178402832	1	1	"Permanent"	"Agricole"	0	0
"23"	"118"	44.139	3.23699817070649	406.6	67.0167982766355	0.207497984610273	0.0148558948171331	0.0284087365173831	0.0371249163046806	2.91106802540948	0.103326373038354	0.366718537653125	0.0690673654256099	"Briere"	0.012859528	0.059560412	0.478792177	0.015766512	1412.803095	0	"intermediaire"	98.78	431.34	12.13	0.35	1	0	"Permanent"	"Agricole"	20	0
"24"	"1180"	39.842	3.50732623765417	332.77	63.4720868240978	0.208017050355827	0.0168182079487961	0.0425847279401776	0.0421070002416523	2.8551588914063	0.11481539723028	0.351595726301797	0.0754956884132612	"Briere"	0.00069588	0.179424358	0.74224704	0.016422427	1677.037142	1	"peu"	58.29	234.29	25.99	0.9	0	0	"Permanent"	"Recreationnel"	100	327.062643482
"25"	"119"	39.523	3.27722614587569	326.825	60.0004535768641	0.207744283548317	0.0167612479282301	0.0412799209930868	0.0421165881812498	2.84916123828207	0.117832019172166	0.349570635759616	0.0776638356974219	"Briere"	0.602306733	0.014842287	0	0.004233578	0	4	"peu"	57.2	132.77	20.14	0.95	1	1	"Temporaire"	"Agricole"	50	9.66767332478
"26"	"1199"	45.204	3.17749594499827	426.748	65.9348762333251	0.207808589027389	0.0139270535343151	0.0254086584647917	0.0343483421276211	2.92315939804732	0.098142367548738	0.369749536029794	0.0661877855470124	"Briere"	0.230328379	0.066086048	0.18886701	0.009167783	0	3	"intermediaire"	87.25	576.43	9.93	0.7	1	1	"Permanent"	"Agricole"	10	0
"27"	"120"	32.081	3.33460020970409	214.117	49.7873889162215	0.205821290235134	0.0222197093746783	0.0690475589281218	0.0483749171306105	2.72592624025564	0.146355253692704	0.317479516441163	0.0920886779227575	"Briere"	0.208156021	0	0.040318009	0	0	4	"peu"	12.87	9.58	8.53	0.4	1	0	"Temporaire"	"Agricole"	100	23.5549864077
"28"	"1203"	38.805	3.50817363912938	315.36	61.9858584408302	0.207758493667097	0.0174272825562596	0.0447598815831314	0.0441366532687178	2.84055878939106	0.123192238949402	0.348132170418986	0.0816990034984514	"Briere"	0.187838214	0	0.57784872	0.017234176	1762.173088	1	"beaucoup"	83.62	118.25	9.23	0.4	1	1	"Temporaire"	"Agricole"	100	42.8237750817
"29"	"120bis"	35.818	3.27713527575772	269.487	54.0575994200173	0.208392495453045	0.0190948935601814	0.0535325149731271	0.0466262784417632	2.79525667159606	0.120718635569315	0.334999195205999	0.0803468156396222	"Briere"	0.204517451	0	0.04097899	0	0	4	"peu"	26.73	41.56	14.04	0.65	1	0	"Temporaire"	"Agricole"	NA	28.3372066841
"30"	"121"	40.165	3.3152323848813	336.531	59.6981650464226	0.207355431425391	0.0167427495740562	0.0388386892169168	0.0404536636815993	2.85700029345044	0.11345860885426	0.350036366737442	0.074667924163167	"Briere"	0.189568614	0	0.040128602	0	0	4	"peu"	87.03	155.06	11.59	0.45	1	0	"Temporaire"	"Agricole"	100	18.047843799
"31"	"122"	35.587	3.41380800354752	264.729	56.3690254131294	0.20701610088797	0.0187277519484674	0.055873658861521	0.0462900483859301	2.7936772490709	0.135330443280238	0.33590529909659	0.0888419653655916	"Briere"	0.191035573	0	0.021558023	0	0	4	"peu"	24.49	39.15	13.36	0.45	1	0	"Temporaire"	"Agricole"	100	27.7512937314
"32"	"122bis"	37.938	3.26692957206439	300.956	57.3622217882858	0.207533477279253	0.0176543072778882	0.0482549593499938	0.0453492428843694	2.82932733655783	0.12520075197906	0.343840504086989	0.0826448288447276	"Briere"	0.186226523	0	0.018985477	0	0	2	"peu"	35.63	84.96	16.04	0.7	1	0	"Temporaire"	"Agricole"	NA	17.7211763309
"33"	"123"	40.156	3.47645649329166	338.081	65.1113655894954	0.207982424965442	0.0170967329089207	0.0407753778380413	0.0426235463483803	2.8543646536849	0.11470055088767	0.349668532399773	0.0776223615109523	"Briere"	0.030783777	0.049111736	0.231553555	0.42228546	308.2160749	2	"peu"	77.38	393.36	18.97	1.1	1	0	"Permanent"	"Recreationnel"	NA	627.369908078
"34"	"124"	32.985	3.46392462010561	227.831	52.2002040254662	0.207135024437689	0.0204163850313498	0.0667001399085111	0.0479426805112962	2.74550706738536	0.132223141942136	0.323521335704136	0.0843662641340005	"Briere"	0.027899961	0.075169335	0.210982556	0.44732132	342.0066796	1	"beaucoup"	33.43	52.16	43.15	3.950520019	1	0	NA	"Recreationnel"	NA	605.105790833
"35"	"125"	25.364	3.36107137692742	135.546	39.7997223847341	0.206750637590764	0.0269135576010998	0.0946285490247581	0.0505289731041059	2.58490283106943	0.155977448380874	0.288743622533607	0.0923403003753979	"Mes"	0.139504781	0.082316146	0.347636859	0.06362193	757.2567308	2	"peu"	11.63	7.3	14.04	0.6	0	0	NA	"Agricole"	NA	923.469212346
"36"	"126"	28.616	3.64359984353658	171.56	48.131913332851	0.205779521454695	0.0234366047567823	0.0801866635776507	0.051119790647827	2.64974883706171	0.149981805486161	0.298243274743922	0.0900361368192532	"Mes"	0.089857993	0.200870261	0.239549452	0.379813808	1516.483963	3	"beaucoup"	82.57	427.56	17.74	0.8	0	0	"Permanent"	"Recreationnel"	NA	1820.44004602
"37"	"127"	22.036	3.67262742354737	102.643	36.9879123046524	0.205755804210183	0.029464063602256	0.103495813628848	0.0540260650060731	2.48020693955945	0.175697385576986	0.269011237280531	0.0924711454429794	"Mes"	0.141835654	0.128070126	0.247696052	0.355700655	1201.303086	3	"beaucoup"	46.42	144.67	29.18	0.9	0	0	NA	"Recreationnel"	NA	1952.65352252
"38"	"128"	21.028	3.43030362839545	93.69	33.8481550102454	0.205659147774388	0.03025277147917	0.106324166963747	0.0535765422355564	2.45296664793561	0.184801348545294	0.265032023495487	0.0951410435121461	"Mes"	0.169254328	0.432162366	0.309211724	0.01813304	987.923048	5	"peu"	33.78	75.33	41.99	1.6	0	1	"Permanent"	"Agricole"	NA	1878.64988552
"39"	"129"	26.903	3.61561387093031	152.577	44.7537816499564	0.206889206465745	0.0243405043536352	0.0864347669875249	0.0497365148101132	2.61902830287749	0.156978042263189	0.296689951759978	0.090222844649004	"Mes"	0.204658508	0.300487918	0.282518122	0.015941936	1489.963819	3	"beaucoup"	77.48	217.2	8.18	0.3	1	0	"Temporaire"	"Agricole"	NA	1727.4482415
"40"	"131"	25.398	3.38127624263813	135.488	39.5940341913216	0.206482778720682	0.025848042294194	0.0934653739944094	0.0508361881122589	2.58029446978667	0.151887445737725	0.286725460142103	0.0895125935078431	"Mes"	0.290746847	0.459936474	0.094344071	0.016327443	567.4815493	5	"intermediaire"	31.86	72.99	11.31	0.5	0	0	NA	"Agricole"	NA	1536.91476205
"41"	"132"	24.846	3.57085914522472	129.974	40.2408331008274	0.206291940683288	0.0264392277529482	0.0934120353442061	0.0501081128979489	2.56289858346117	0.160088861842803	0.284670745086997	0.0919606520057962	"Mes"	0.298785278	0.450416118	0.099682436	0.014804864	532.579637	1	"beaucoup"	32.99	55.93	11.31	0.3	1	0	NA	"Agricole"	NA	1534.08199085
"42"	"134"	22.306	3.37576061943968	104.177	34.7372472620867	0.204381832605069	0.0290812331798806	0.107549789848888	0.0502961841665551	2.48637300452007	0.171458411747645	0.26532736196422	0.0873718228292939	"Mes"	0.042981658	0.745450679	0.153609535	0.018675607	803.8133911	2	"peu"	37.4	77.93	7.13	0.6	0	0	NA	"Agricole"	NA	1811.75982792
"43"	"136"	24.445	3.74980479972439	126.328	41.4216388880035	0.206544930933274	0.0278617072549625	0.0979486735607733	0.0542446176828815	2.54681049041255	0.168206958364765	0.278898877230193	0.0951022165608872	"Mes"	0.045492705	0.361508108	0.442727153	0.034487191	1201.794939	2	"peu"	51.97	156.46	36.56	1.25	0	0	NA	"Agricole"	NA	1828.5575051
"44"	"140"	7.028	2.19773657339683	9.98	7.52530598914292	0.173645197309505	0.0495633595961062	0.126291953848196	0.133093444945101	1.55676766419995	0.283281978089723	0.164214345342639	0.0615643052851869	"Mes"	0.166871648	0.149759238	0.124728624	0.080326171	930.4962901	2	"peu"	43.7	128.94	12.23	0.35	1	1	"Permanent"	"Agricole"	NA	2660.08490189
"45"	"141"	10.317	2.87589669177837	22.874	14.1767804915328	0.194082908429183	0.0456628796229791	0.145609879471339	0.102049952025325	1.88494446050103	0.274530537038938	0.193625873532748	0.0843911256884491	"Mes"	0.189935662	0.16342379	0.394342295	0.056803151	1180.58004	1	"peu"	47.65	126.51	26.18	1.25	1	0	"Permanent"	"Agricole"	NA	2526.25784383
"46"	"142"	14.622	3.27075126137923	45.963	22.8330238465688	0.202634758679087	0.0378960064141695	0.13271020616031	0.0692427358517717	2.17248733664801	0.22814397737157	0.223341098523343	0.0958266931746884	"Mes"	0.054312791	0.68052523	0.086764335	0.084137212	1020.115202	1	"beaucoup"	45.94	149.86	21.39	1.15	0	0	NA	"Agricole"	NA	2358.11843247
"47"	"143"	24.571	3.3885751343952	127.504	38.303539590293	0.207195964859121	0.0272781528288383	0.0935845086097914	0.052565740634752	2.55414152039953	0.151612412011431	0.278634728421199	0.0864230073939492	"Mes"	0	0.25327107	0.210908373	0.306838165	1517.405199	1	"peu"	19.76	28.03	35.94	1.8	1	0	NA	"Recreationnel"	NA	1385.76458499
"48"	"144"	34.101	3.36424094219144	244.047	53.5097756217225	0.207755306093492	0.0197232716045715	0.0610498771054292	0.0475888328981238	2.7736966628787	0.136255838022822	0.332448108958096	0.0897981744358792	"Briere"	0.261104226	0.04597674	0.039592137	0.011845468	0	3	"beaucoup"	17.91	23.44	9.93	0.2	1	0	"Temporaire"	"Agricole"	0	0
"49"	"145"	22.136	3.52703047108243	102.572	36.5503864103616	0.203507556396006	0.0284306690059986	0.105545586958552	0.0541787782675187	2.47680606235816	0.16910485983311	0.266545254203634	0.0896985020348696	"Mes"	0.10334643	0.541134471	0.102922265	0.14141357	1079.647026	0	"peu"	52.23	163.62	32.35	0.9	1	1	"Permanent"	"Recreationnel"	NA	1972.55700013
"50"	"146"	30.716	3.37946220052315	198.198	49.4124314761415	0.207180228189098	0.0225912006319788	0.0709006143827415	0.0492385339408493	2.69701591480661	0.14209153779599	0.310753541833827	0.0883304604891181	"Briere"	0.017221275	0.259007619	0.345693865	0.30581935	1100.774184	2	"peu"	16.55	17.03	9.93	0.4	0	0	"Temporaire"	"Recreationnel"	NA	469.530307329
"51"	"147"	36.684	3.4438356528737	282.174	57.6857640269362	0.207893512240466	0.0181472001799063	0.0487628426202815	0.0448658884520121	2.80434628504807	0.121092863583394	0.335749339981664	0.0784201254069728	"Briere"	0.039912888	0.216873065	0.592013274	0.036565499	2352.129207	4	"beaucoup"	53.74	172.61	10.85	1.8	1	0	"Permanent"	"Recreationnel"	30	613.929024958
"52"	"2"	4	0	2	0	0.125	0	0	0	1.125	0	0.15625	0	"Mes"	0.123774678	0.385861197	0.406902239	0.016427075	976.7104167	0	"beaucoup"	47.57	169.09	9.93	1	0	0	NA	"Agricole"	NA	2862.75789242
"53"	"22"	31.566	3.81447167956379	209.072	55.6655141489366	0.20653850460978	0.0222363880506749	0.0728494326374336	0.0489249935492421	2.72270413204604	0.146505206557781	0.319303185612003	0.0901110013263335	"Mes"	0	0.540655651	0.219496703	0.210476406	1173.950146	0	"beaucoup"	171.8	536.44	16.26	1	0	0	"Temporaire"	"Agricole"	NA	1687.67640798
"54"	"24"	19.617	3.49206321613821	82.036	31.5297133958878	0.206497236283303	0.0309343754674686	0.112269669534147	0.053866524583031	2.40246434835961	0.183629506363142	0.261255408690258	0.0962882177742925	"Mes"	0.089391463	0.312460703	0.385358229	0.104723093	1474.156785	3	"peu"	37.55	59.72	18	0.7	0	0	NA	"Agricole"	NA	1939.65183494
"55"	"25"	28.657	3.70554747400193	172.284	47.1727740822459	0.206452190155896	0.0233301666773272	0.0797422004078719	0.0504562778239049	2.65447059599996	0.148516711084383	0.300029849119067	0.087118587103876	"Mes"	0.085776128	0.060294019	0.572982024	0.11589391	1818.685346	1	"peu"	86.22	495.21	18.78	0.9	0	1	"Permanent"	"Recreationnel"	NA	1852.7033659
"56"	"26"	19.545	3.47851621745179	81.167	31.8993523395018	0.205067203088369	0.0325089793334626	0.112048644663238	0.0543702953143509	2.39642893769703	0.189397524726613	0.255611462252133	0.0961718212944361	"Mes"	0.081182676	0.680638647	0.064036123	0.049890318	885.6702586	2	"beaucoup"	35.46	79.05	11.31	0.25	0	0	"Temporaire"	"Agricole"	NA	2007.89845464
"57"	"27"	33.517	3.7107250612893	236.623	57.2352404008557	0.207861991552053	0.0207379586622429	0.0639912641112548	0.0486940672339325	2.75550149545218	0.141887959767808	0.326563602482726	0.0895260052400651	"Mes"	0.101551023	0.374555575	0.213128826	0.198574472	1674.209742	3	"peu"	146.84	1529.3	20.14	1.15	1	1	"Permanent"	"Recreationnel"	NA	1949.19032537
"58"	"28"	23.635	3.63772016625908	119.194	40.1859835922586	0.208001131472586	0.0286440708223825	0.0956522225740401	0.0516163468452685	2.53693075343508	0.172672349699825	0.282876358435019	0.0966978661837576	"Mes"	0.032559035	0.524031971	0.371388336	0.025441684	1743.425945	1	"peu"	38.13	98.36	12.68	0.4	0	0	"Temporaire"	"Agricole"	NA	1753.18468913
"59"	"29"	25.395	3.71170469619443	135.776	42.8844365580207	0.205990638071967	0.0253432756447681	0.093147968272866	0.051615120855878	2.58181780267271	0.159939086474276	0.290035271722198	0.0899429724721243	"Mes"	0.031536964	0.568142349	0.329269292	0.024232044	1765.610138	1	"beaucoup"	59.56	172.74	11.77	2.502809361	1	1	"Permanent"	"Agricole"	NA	1762.76700323
"60"	"3"	5.223	1.3187152876986	4.695	3.50688940134605	0.15162259831098	0.0443686370674561	0.0837175873419537	0.136783150526219	1.3255133952854	0.212635953904495	0.159765271891864	0.0501696407983144	"Mes"	0.221683945	0.418372043	0.228091206	0.029515878	1873.364268	1	"intermediaire"	37.88	71.71	26.57	1.1	0	1	NA	"Agricole"	NA	2737.29876885
"61"	"30"	36.639	3.68622669775846	281.652	62.5698640232171	0.207570183891311	0.0185720372178195	0.0555041472949755	0.0471922089893672	2.80651985084471	0.124494928329143	0.338899734958609	0.0797482049067452	"Mes"	0.042153082	0.293542398	0.283940908	0.225781747	2068.880893	2	"beaucoup"	124.66	746.98	20.77	3.606969523	1	1	"Permanent"	"Recreationnel"	NA	1429.42764475
"62"	"31"	34.315	3.6561102475366	246.879	56.543147122233	0.207253241737597	0.0187156822336839	0.058385553089816	0.0469084645911079	2.76941208492924	0.137704406118483	0.326117305036911	0.0890657073711547	"Mes"	0.049110182	0.092396797	0.341958923	0.251816666	1688.230245	2	"peu"	68.99	369.92	13.7	0.6	0	0	"Permanent"	"Agricole"	NA	1305.66245788
"63"	"32"	32.582	3.68630775503957	222.232	54.6702754247225	0.206743248631166	0.0212068210284548	0.0649553206003735	0.0490550083577503	2.73246951246155	0.138319587596199	0.317639224224264	0.0865088938640584	"Mes"	0.076873926	0.580824596	0.191506005	0.065290795	949.4198651	0	"beaucoup"	45.74	139.31	25.8	2.053657331	0	0	"Permanent"	"Agricole"	NA	1033.0827423
"64"	"33"	34.437	3.74647395120626	247.807	58.8291477043448	0.2064583601596	0.0197775731964297	0.0593621159530415	0.0476445877489629	2.76758087751022	0.128137047433217	0.32448387239895	0.0796369844729074	"Mes"	0.185313346	0.293369397	0.215508253	0.192990664	859.1550699	5	"intermediaire"	83.37	392.27	24.94	0.85	1	1	"Permanent"	"Recreationnel"	NA	1317.37308727
"65"	"33bis"	27.818	3.51983881239827	162.68	44.0143483748523	0.207138004320813	0.0243751470571907	0.0832053099578004	0.0483554185102189	2.64265031252003	0.158079556836636	0.301933460194042	0.0958011875822605	"Mes"	0.273825854	0.363444244	0.155115501	0.088646913	665.7462595	4	"beaucoup"	43.17	103.9	10.85	0.5	0	0	"Temporaire"	"Agricole"	NA	1442.96071817
"66"	"34"	28.693	3.83294174785405	174.052	49.9650257660276	0.207515985382104	0.0240814378629346	0.0814830822165965	0.0489446203373397	2.65407475331598	0.156785889501721	0.299105406096467	0.0898039462215821	"Mes"	0.10290515	0.309730271	0.372401198	0.020408089	1839.419689	4	"intermediaire"	58.49	232.01	13.59	0.65	0	0	"Permanent"	"Agricole"	NA	1610.677584
"67"	"35"	11.235	2.86286062723475	26.615	14.8700333857357	0.19516403197254	0.0425344197241122	0.143741814820818	0.0905021557894877	1.96088795493864	0.257599605697257	0.199622666714223	0.0877747378820092	"Mes"	0.218539283	0.134214607	0.331198066	0.019596365	988.9920965	2	"peu"	72.83	293.49	24.52	0.8	1	1	NA	"Agricole"	NA	2557.06204303
"68"	"36"	26.552	3.66069620382472	149.326	45.3338381441598	0.207702874884362	0.0250311208277035	0.0847989782990286	0.0505528580246614	2.60353466012398	0.152905573724143	0.289608618342162	0.0879286459168558	"Mes"	0.054162301	0.341833208	0.435338545	0.017120198	1756.126562	4	"beaucoup"	49	142.51	9.93	1	0	0	"Permanent"	"Agricole"	NA	1619.28653284
"69"	"37"	25.577	3.51032667901342	137.68	41.9988035484286	0.206219399891198	0.0243384764901025	0.0896851297203907	0.0509762208613169	2.58415203717969	0.153780976342216	0.288227331124716	0.088153742808366	"Mes"	0.115170566	0.332416109	0.371669102	0.045164678	1803.778139	4	"intermediaire"	38.28	67.78	19.29	1.439442206	0	1	"Permanent"	"Agricole"	NA	1521.42618238
"70"	"38"	33.663	3.6612615088021	238.275	57.7399105668884	0.207587563304249	0.0207477828849447	0.0648752914975792	0.0461679434979161	2.75928942924091	0.137132369619367	0.327685855459824	0.0854450308759696	"Mes"	0.118006425	0.383099682	0.104540994	0.181872478	1265.643042	3	"beaucoup"	57.55	210.35	25.99	0.7	1	1	"Permanent"	"Recreationnel"	NA	1133.76909159
"71"	"38bis"	32.544	3.76353932199841	222.317	56.5444939033925	0.206921971786648	0.0213162332758448	0.0675021638271123	0.0482126420787207	2.73231337279436	0.141591335775484	0.317832724503781	0.0861852427512396	"Mes"	0.256366385	0.333344304	0.175716049	0.094300302	757.4778301	4	"beaucoup"	87.39	325.56	32.62	0.95	0	0	"Permanent"	"Recreationnel"	NA	1420.93340795
"72"	"39"	21.783	3.2913133767151	99.998	33.5220184613296	0.205640313209521	0.0297034150902284	0.107684598199486	0.0546166443271251	2.47713170084766	0.180544670665903	0.271137949247459	0.0960703558761845	"Mes"	0.081507924	0.315392475	0.407237621	0.018342367	1701.446471	4	"beaucoup"	19.17	26.13	7.13	0.25	0	0	"Temporaire"	"Agricole"	NA	1630.83195673
"73"	"4"	7.012	2.14486746827315	10.023	7.61185991801028	0.175892724388999	0.0504905337005851	0.13231753688048	0.133574284074637	1.55789878199997	0.272951444398169	0.169624419534292	0.0662084831945638	"Mes"	0.092529953	0.489908141	0.310008713	0.060420786	1831.83659	2	"beaucoup"	36.36	79.88	9.93	0.55	1	0	"Temporaire"	"Agricole"	NA	2638.77480071
"74"	"40"	15.776	3.22804031019506	52.79	23.8902625486754	0.202622464856853	0.0355406829195908	0.125474339853692	0.0654623831953022	2.23505521266613	0.213907933046788	0.231914544839658	0.0914166535321838	"Mes"	0.062835966	0.501599336	0.195574431	0.103393219	2497.328983	2	"beaucoup"	40.58	98.24	12.68	0.55	1	0	"Temporaire"	"Agricole"	NA	2247.03796012
"75"	"43"	23.917	3.43772147343686	120.72	38.3187150609715	0.206385663205326	0.0275728769937781	0.0976368845052281	0.0515584685687323	2.53949725232139	0.160525790776314	0.279506670176753	0.0878820222811618	"Mes"	0.006181293	0.387394047	0.171959087	0.360483967	1934.128216	2	"beaucoup"	36.52	70.98	15.38	0.6	0	0	"Permanent"	"Recreationnel"	NA	1659.19101317
"76"	"44"	31.933	3.59380389370739	214.387	52.2209177940723	0.207650660829771	0.0211495188713907	0.0670035110784182	0.0494697159406874	2.7192513749803	0.137700696346698	0.313433259125997	0.0863266833338231	"Briere"	0.097532439	0.595818268	0.112220236	0.099720366	1692.563192	1	"beaucoup"	39.38	98.61	8.53	0.8	0	0	"Temporaire"	"Agricole"	80	998.645216046
"77"	"45"	27.96	3.61240217160956	165.624	47.1736364506275	0.208354477222891	0.0252023461263053	0.0829930033891995	0.0516047515627087	2.64181882630196	0.155251222671159	0.300330868099715	0.0889734088594399	"Mes"	0.116037877	0.779571952	0.019469897	0.038006224	1287.038568	0	"intermediaire"	52.98	126.96	14.04	1.5	0	1	"Permanent"	"Agricole"	NA	1504.75586927
"78"	"46"	27.024	3.74345260921485	154.113	46.8751694664938	0.206835188718347	0.0247128469826359	0.0886175830894085	0.0500729589843582	2.61917634905417	0.156467821145744	0.295391856127623	0.0899532361510121	"Mes"	0.164305164	0.570515917	0.077634522	0.117176654	1867.143049	3	"beaucoup"	47.64	151.6	10.85	1.15	0	0	"Permanent"	"Agricole"	NA	1613.79553526
"79"	"47"	39.55	3.69637162135562	328.95	65.5165927374427	0.20844547089145	0.0164812321576791	0.0426666942331325	0.0432122984304029	2.85104550580303	0.120269126840359	0.348676651149726	0.0778662831494952	"Mes"	0.107896424	0.489756675	0.149044149	0.16448798	2299.404655	9	"peu"	141.13	1267.24	25.21	3.583260922	1	1	"Permanent"	"Recreationnel"	NA	1458.19720845
"80"	"48"	30.417	3.58133172673755	196.612	50.0777719076961	0.209675976688097	0.0226534848424223	0.0737266791184309	0.0482035050429203	2.70568389892311	0.146371354996049	0.317989254353014	0.0931048496141559	"Mes"	0.119831247	0.58450692	0.1191825	0.087960801	2266.087036	6	"beaucoup"	52.57	165.59	13.13	1	0	0	"Permanent"	"Agricole"	NA	1383.70719645
"81"	"49"	28.434	3.67765810933659	169.904	47.0947842409614	0.206801665844819	0.0235649056751184	0.0832840843859206	0.0493415669472656	2.65371677891748	0.154509599310646	0.304600496892638	0.0928847854891807	"Mes"	0.05575988	0.339743097	0.265239848	0.196448932	2104.969508	9	"peu"	44.82	113.85	34.02	5.697549495	1	0	"Permanent"	"Agricole"	NA	1417.79655435
"82"	"5"	9.23	2.63135402863697	18.024	11.7111303713422	0.190059408878868	0.0465380805894709	0.151556696772791	0.112780941979665	1.78829718815224	0.27812900045752	0.190308431750204	0.0814892894899709	"Mes"	0.017883039	0.302041602	0.360782171	0.260547017	899.3700041	0	"peu"	58.13	197.25	20.97	1.1	1	1	"Permanent"	"Recreationnel"	NA	2597.59890585
"83"	"50"	29.978	3.59115753099365	189.501	48.4833025858349	0.208105494699723	0.0218428386256955	0.0774382819185795	0.0485479127983347	2.69109045050118	0.143352637459364	0.312518475817469	0.0905753917236266	"Mes"	0.01671099	0.295789566	0.310515821	0.254551349	1823.702148	8	"peu"	55.94	205.49	26.57	1.3	0	1	"Permanent"	"Recreationnel"	NA	1476.20471184
"84"	"51"	34.502	3.56576930138655	249.069	56.7450459444632	0.206959932185508	0.0201849852983193	0.0600710474523052	0.0482437453923777	2.77602445265283	0.135185127753818	0.332231025020763	0.0861976845023824	"Mes"	0.111113886	0.428607238	0.330418122	0.041454212	1932.876678	1	"peu"	72.49	242.85	13.59	0.75	0	1	"Permanent"	"Recreationnel"	100	1082.55662522
"85"	"52"	26.745	3.57473827765807	149.984	43.9308965042562	0.205831070471881	0.0246137779430606	0.0882685031835869	0.0519305410541885	2.61453366118037	0.158832770721199	0.294381468982003	0.0917616084676136	"Mes"	0.064351325	0.354559689	0.281657616	0.142964893	2384.494517	9	"peu"	31.19	58.34	18	0.6	0	0	"Temporaire"	"Agricole"	NA	1358.97922352
"86"	"53"	32.314	3.6208444477103	219.114	53.191431004743	0.207379171593654	0.0220811284085487	0.0668505715984184	0.0473948936050589	2.72993801234766	0.134282737401555	0.319273130383493	0.082126634678372	"Mes"	0.020510329	0.268215824	0.347111896	0.228160838	1927.557859	9	"beaucoup"	78.19	316.16	11.65	2.290107947	0	0	"Permanent"	"Recreationnel"	NA	1428.72544167
"87"	"54"	29.521	3.59227831096972	183.373	48.5159320910839	0.207320012189623	0.0231125844811168	0.0794460200289979	0.0490300814337079	2.67923984394531	0.149783916154205	0.309587355410242	0.0904405857096178	"Mes"	0.088139313	0.196972222	0.449751387	0.103380649	2193.17274	8	"peu"	51.99	115.49	8.53	0.55	1	0	"Temporaire"	"Recreationnel"	NA	1310.50162205
"88"	"55"	29.874	3.58622154711404	187.208	48.3508483952509	0.20673295010621	0.0222665154476799	0.0802239948588419	0.0486693529825738	2.6862075489979	0.154000106778036	0.310923074119484	0.0939484686886272	"Mes"	0.084877782	0.251826516	0.393116254	0.11646471	2334.67048	9	"peu"	48.75	122.13	18.86	0.75	0	1	"Permanent"	"Recreationnel"	NA	1289.64705648
"89"	"56"	30.108	3.63587067365653	190.676	51.2923574222313	0.206944175244911	0.0228329900048692	0.0729407006807912	0.0495188882454604	2.6900872255926	0.153929354014231	0.311236654850572	0.0942136671787156	"Briere"	0.09127056	0.509010589	0.125233646	0.176536099	1384.015288	1	"beaucoup"	34.18	68.5	18	1.15	0	0	"Temporaire"	"Agricole"	0	1069.10047091
"90"	"57"	23.405	3.49445077031945	115.549	37.7787351804138	0.206102281706722	0.0281243665368323	0.101007829349737	0.0522599952755865	2.52613350246967	0.172452317001539	0.280852646436354	0.0927292706321738	"Mes"	0.077692708	0.654164266	0.149788681	0.054658416	1568.065414	1	"beaucoup"	35.64	79.16	16.04	0.8	0	0	"Temporaire"	"Agricole"	NA	1716.36259028
"91"	"58"	32.83	3.73886066590868	227.202	57.2783030474891	0.207781315441073	0.020936855978365	0.0652984303769363	0.0493965872479578	2.74079436573265	0.142760764755163	0.321117527071849	0.0867424395551919	"Mes"	0.001054333	0.301622116	0.546689771	0.051774008	1148.705841	5	"peu"	51.24	376.94	26.28	0.75	0	1	"Permanent"	"Agricole"	NA	1454.30202897
"92"	"59"	33.714	3.67337687934381	239.032	57.1208873510537	0.207666582951966	0.020113956802416	0.0610517453469656	0.0469922569153314	2.7545394569079	0.138790102461198	0.323327517968052	0.0849663201116296	"Mes"	0.166218033	0.059907839	0.464181188	0.102714284	1938.138123	8	"peu"	79.21	222.36	21.8	1.35	0	1	"Permanent"	"Agricole"	NA	1149.27091896
"93"	"6"	15.223	3.25266826633932	49.414	22.9604831784479	0.203100975411137	0.0361881489382213	0.126360654274558	0.0673341741376273	2.20777095424164	0.217687098787299	0.231163322075107	0.08690682209075	"Mes"	0.058426737	0.573422984	0.183293092	0.087877229	1319.459324	2	"peu"	73.6	349.26	10.62	1.367680847	1	1	"Permanent"	"Recreationnel"	NA	2423.54399684
"94"	"60"	27.452	3.60370402262487	158.84	45.0151837357882	0.207102250936449	0.0245812227523345	0.0859367682809476	0.0511266085350337	2.63399945372288	0.160298383756829	0.299837558052944	0.0934136182322681	"Mes"	0.12280649	0.127804598	0.455882422	0.10390656	1927.645657	1	"beaucoup"	29.67	55.4	19.93	0.65	1	1	"Permanent"	"Recreationnel"	NA	1281.22630305
"95"	"61"	29.433	3.55980100331229	182.089	47.6864454124658	0.207127038518058	0.0226022531821132	0.0814357322848142	0.0489730657489843	2.67739962892852	0.153365333591633	0.308840645649061	0.092522876462028	"Briere"	0.245805073	0.049493799	0.49099538	0.046953768	1394.1918	3	"beaucoup"	33.24	57.44	25.41	0.9	0	0	NA	"Agricole"	NA	1066.5188458
"96"	"62"	33.105	3.58871200486384	229.897	54.5034955027842	0.207342882929184	0.0211437837834369	0.0660227135177321	0.04921120171754	2.74908543110572	0.141681755389925	0.323638159702285	0.0880742597446439	"Mes"	0.111450736	0.277591237	0.244549809	0.07606782	880.3712442	2	"beaucoup"	45.27	137.37	11.77	0.45	0	0	"Temporaire"	"Recreationnel"	NA	989.919038608
"97"	"63"	40.266	3.55582450184031	340.13	65.0423831944342	0.208195653778053	0.0167620445145174	0.0375216297875517	0.0406374386619646	2.86537152576225	0.11942365380876	0.357246334350825	0.0803329475093991	"Briere"	0.046492563	0.093410323	0.206670546	0.333700468	391.0069362	2	"beaucoup"	95.76	415.77	24.7	4.048348737	1	0	"Permanent"	"Recreationnel"	NA	689.875676966
"98"	"64"	40.928	3.45119207328812	350.105	64.7104583388065	0.207527341594304	0.0163502321087806	0.0383033964844974	0.0418003470458843	2.87006659279801	0.116498416053207	0.355707284648247	0.0781218531213191	"Briere"	0.108928147	0.654614124	0.157383402	0.060839796	357.1277544	2	"beaucoup"	99.75	651.13	23.99	1.8	0	0	"Permanent"	"Agricole"	80	862.568951022
"99"	"65"	40.607	3.40619335228539	345.015	63.1785272169374	0.207847305176778	0.0171212343285592	0.0396701971073263	0.0410985767487565	2.8706123492236	0.116544363093847	0.356187307896832	0.076722453407267	"Briere"	0.092222671	0.680043191	0.133506437	0.06930601	624.3659902	2	"peu"	99.23	601.05	14.84	0.75	1	1	"Permanent"	"Agricole"	5	872.129513963
"100"	"66"	39.582	3.31998468344333	328.18	60.1326994366754	0.208050308372711	0.0170203260942327	0.0405636558727931	0.0422536070592225	2.85040768282771	0.114468957258479	0.350057927224525	0.0779980292368492	"Briere"	0.256305103	0.023590853	0.42061542	0.018524989	1336.02735	4	"peu"	43.78	143.93	18.86	1.15	0	0	"Permanent"	"Agricole"	30	68.7247155918
"101"	"67"	33.312	3.5798703148957	232.872	55.2457573910405	0.207266391321632	0.0209819196364373	0.0643479642595601	0.0478065276215711	2.74983203132915	0.134306252287447	0.322968344021349	0.0838324462152985	"Briere"	0.184877581	0.535355444	0.167156144	0.027803569	1613.085957	4	"beaucoup"	39.39	98.9	9.23	0.25	0	0	"Temporaire"	"Agricole"	40	831.323307902
"102"	"68"	44.086	3.35825577969902	405.556	67.4755794181704	0.207445515350599	0.0138392703394209	0.0264638061908478	0.0336129809032589	2.89700283897369	0.10080688383522	0.357799434224287	0.0659056395240049	"Briere"	0.365805938	0.175989475	0.298873043	0.057967679	1137.786066	2	"peu"	129.76	1001.72	18.43	1.3	1	0	"Permanent"	"Agricole"	100	779.174654327
"103"	"69"	36.081	3.50524260582998	272.993	57.8898625597538	0.20770488949249	0.0190115804635395	0.053467230928508	0.0466063857385945	2.79534455497939	0.130137105348628	0.335969339137481	0.0857405634812302	"Briere"	0.209453338	0.495323634	0.085495928	0.09332468	450.9158795	6	"intermediaire"	58.52	166.2	27.7	2.315680747	1	0	"Permanent"	"Agricole"	60	706.53743438
"104"	"70"	41.698	3.50100743401854	364.999	67.0021812427871	0.208307452066997	0.0153802077593736	0.0368037985758014	0.0411542066051451	2.88332299275772	0.112090799455474	0.359768636137932	0.0743046581074225	"Briere"	0.186323847	0.429941053	0.252325948	0.043281661	1330.979962	3	"intermediaire"	92.04	525.49	30.11	0.95	1	0	"Permanent"	"Recreationnel"	75	623.03914887
"105"	"71"	36.342	3.44396528683099	276.38	57.1903867825733	0.207448709423371	0.0189284860695761	0.0552311669330816	0.047153355589698	2.8030854986345	0.129796243589222	0.337240368608611	0.0849806815641024	"Briere"	0.086051652	0.426560161	0.37998011	0.057582193	1096.159797	3	"peu"	45.88	134.96	21.8	1.542572014	0	0	"Permanent"	"Agricole"	40	598.242503718
"106"	"72"	40.818	3.47144450149026	347.882	65.0556709005166	0.207267759863364	0.0161606007002097	0.0367561624672497	0.0398049626151653	2.86150713779381	0.113787550845634	0.347032293679363	0.0751496420093173	"Briere"	0.27208083	0.374902782	0.200451572	0.054722762	1272.196461	3	"peu"	106.42	459.57	26.76	2.045225883	1	0	"Permanent"	"Recreationnel"	90	640.096432208
"107"	"73"	37.342	3.50189938451968	293.553	59.7635580757528	0.208704042285121	0.0182255810142305	0.0484534215367004	0.0445574667597524	2.82071622192536	0.127904030696728	0.342878682142231	0.0815227276705899	"Briere"	0.27736389	0.016709398	0.507062367	0.158349085	949.9457547	3	"beaucoup"	46.67	143.11	16.26	0.7	1	0	"Temporaire"	"Agricole"	100	409.268825104
"108"	"74"	48.657	3.10596168649872	495.885	69.8087031109304	0.208541991163886	0.0122018636661047	0.0156696037216194	0.0255002758139568	2.96122292379182	0.0901641851646248	0.37922477364747	0.0615664402190788	"Briere"	0.065035885	0.013683414	0.768453375	0.079598593	1915.139217	3	"peu"	145.19	1355.53	11.77	2.285683919	1	1	"Permanent"	"Agricole"	65	217.867174537
"109"	"75"	47.337	3.27752546491605	467.447	69.4447100847772	0.20764391493165	0.0128507003286101	0.0185886638274607	0.0292032682002354	2.94619390762862	0.0980942903871004	0.376586191801041	0.0672564496172652	"Briere"	0.333582354	0.04847933	0.478522668	0.055326452	1405.388626	5	"peu"	139.08	1048.63	21.6	1.912295474	1	1	"Permanent"	"Agricole"	70	251.496785956
"110"	"75bis"	46.357	3.16631908950702	449.18	66.7293219087561	0.208092763071372	0.0139170882298769	0.0217135759556425	0.0305234207883742	2.93571938426984	0.096330032628337	0.374313330295146	0.0659598346367127	"Briere"	0.172285763	0.2773553	0.295534565	0.091841002	1557.169249	4	"peu"	134.39	1051	18.22	0.65	1	1	"Permanent"	"Recreationnel"	90	442.254532984
"111"	"76"	37.612	3.62471993326306	295.126	61.1137710914407	0.206839615659466	0.0181734148057104	0.0465106310492717	0.0442266805119052	2.81078587566982	0.122123729743585	0.336039131195613	0.0790036023314298	"Briere"	0.109841585	0.60109848	0.197590167	0.024560596	1966.765781	2	"peu"	76.83	280.17	17.03	0.8	1	0	"Permanent"	"Agricole"	0	806.153974389
"112"	"762"	16.366	3.3671028171681	57.182	25.6044227129311	0.203682234927736	0.0359714815864779	0.120739774132263	0.0613191183020136	2.26087898347314	0.207070342393952	0.23022164424696	0.0859193563129366	"Mes"	0.073990031	0.269921688	0.443371968	0.112811374	1846.698895	3	"peu"	98.32	278.69	28.15	2.026393917	0	1	"Permanent"	"Recreationnel"	NA	2357.08515805
"113"	"77"	35.506	3.53984385171076	263.456	56.8327196430192	0.206983151466043	0.0191333177608856	0.0565123955494413	0.047365222531621	2.78736546848004	0.127967740871898	0.334229753701718	0.0826170790225963	"Briere"	0.140091752	0.203584484	0.27489594	0.140066359	504.4187502	1	"beaucoup"	66.67	274.56	12.34	0.85	0	1	"Permanent"	"Recreationnel"	NA	1032.13061639
"114"	"79bis"	40.04	3.39469054906687	336.733	63.4076039228359	0.208440591679677	0.0172060707925659	0.0387870420715359	0.0420783529369964	2.85622039803108	0.117792203284973	0.351613816302165	0.0769697987541021	"Briere"	0.003738837	0.15181891	0.461404261	0.259174342	1271.498956	3	"peu"	58.14	241.3	20.14	0.9	1	1	"Permanent"	"Recreationnel"	NA	342.140490062
"115"	"806"	22.042	3.64630381777651	103.291	36.9162447728385	0.206661293303183	0.029175982234132	0.106343770982117	0.0542128398677725	2.48785372344056	0.175862603948144	0.273050602762349	0.0913460846863122	"Mes"	0.086959741	0.229148642	0.434554247	0.06018541	1906.011121	5	"peu"	256.26	1636.48	23.63	2.703765795	1	1	"Permanent"	"Agricole"	NA	2418.41178646
"116"	"81"	32.845	3.38207235484598	228.135	52.4219308480128	0.209041727138591	0.0207755059579467	0.0650331044482188	0.0472787266734059	2.7428557591998	0.139458984872407	0.324492443055631	0.0868129357605414	"Briere"	0.347441047	0.193805869	0.090786886	0.018788198	950.0261491	1	"intermediaire"	14.93	12.54	18	0.9	0	0	"Temporaire"	"Agricole"	NA	9.60887336334
"117"	"812"	24.377	3.8261613283434	125.857	42.0123027765033	0.20645504806696	0.0264356560362575	0.095704969404526	0.0518100033746403	2.54866858163059	0.168269794211842	0.279962120288022	0.0874974715465839	"Mes"	0.084090956	0.375587993	0.311683609	0.149141474	2267.879275	4	"peu"	121.26	873.96	21.18	0.9	1	1	"Permanent"	"Recreationnel"	NA	2215.05179412
"118"	"83"	31.948	3.25390286946059	213.355	48.916232201313	0.206639376294022	0.0208237671356537	0.067686045162641	0.0476112345704931	2.72532144387317	0.13947048168656	0.317796800026301	0.0867160962843022	"Briere"	0.058567186	0.28918404	0.523306551	0.04219789	1394.047711	2	"peu"	17.07	18.12	24.23	0.45	0	0	"Temporaire"	"Agricole"	NA	276.580599236
"119"	"853"	37.025	3.79536293123329	287.486	62.8920600331649	0.207610731184208	0.0187582583462175	0.0508055675901555	0.0457196649046341	2.81107054168692	0.124328801847484	0.337696157364489	0.0789504258265881	"Mes"	0.147773118	0.282442276	0.255221945	0.058213749	2324.623483	1	"peu"	424.98	8950.53	11.31	5.634338122	1	1	"Permanent"	"Recreationnel"	NA	2388.85970597
"120"	"85bis"	34.833	3.59722824561509	254.699	57.3078929432377	0.20773629991946	0.0205107655031917	0.0583067026990448	0.0480032698655145	2.77484325857758	0.130950622215735	0.330506367430929	0.0828673330160232	"Briere"	0.010556627	0.295649067	0.598225378	0.034194592	1829.381995	6	"peu"	32.37	74.86	29.9	1.8	0	0	"Temporaire"	"Agricole"	75	504.376874648
"121"	"86"	35.939	3.49277518292811	271.382	57.436443317993	0.208133127714534	0.018493717988981	0.0536326282544604	0.0455982535544213	2.79793410217847	0.127283118612931	0.336595038344748	0.0842439195452655	"Briere"	0.00072128	0.235219155	0.686307481	0.015696458	1629.981656	5	"peu"	34.83	83.58	25.99	1.15	1	0	"Permanent"	"Agricole"	40	374.855225811
"122"	"87"	36.321	3.34681343372471	275.629	56.4996067646897	0.207153977984275	0.0190227063738662	0.0543425240466007	0.0467473813032274	2.79426450181262	0.12154080143521	0.331339391684023	0.0761014971708211	"Briere"	0.000718805	0.47583418	0.450924592	0.011780433	1903.021446	5	"beaucoup"	37	104.71	17.35	0.5	0	0	"Permanent"	"Agricole"	60	430.584938014
"123"	"88"	38.082	3.43381232263312	304.165	60.8599515996251	0.20798410912237	0.0183966595775504	0.0467910465089317	0.0447748083242103	2.82845378303905	0.123699333766799	0.344104164458932	0.0817483095710204	"Briere"	0.000708353	0.261182142	0.649627384	0.016075413	2112.204016	5	"peu"	46.63	145.76	17.14	0.95	1	0	"Permanent"	"Agricole"	25	308.16792476
"124"	"888"	43.998	3.42282218523132	404.954	67.2826191139646	0.208023856408045	0.0143578138491809	0.0276525284803393	0.0342332539560554	2.9118021509565	0.100985586973739	0.367113026473512	0.0683411616360832	"Briere"	0.093893884	0.02357435	0.357743698	0.244082479	592.9229753	3	"peu"	118.31	780.08	16.92	1.35	1	1	"Permanent"	"Recreationnel"	NA	580.928989294
"125"	"89"	36.8	3.44672016268798	282.435	57.1659489619539	0.206767242796311	0.0181828289943122	0.0510229898613196	0.0460422861178905	2.80557585515616	0.12788951113693	0.335252323978418	0.0832488485533329	"Briere"	0.000720357	0.148857641	0.764672563	0.01599859	1949.982835	5	"peu"	35.66	90.45	12	0.2	1	0	"Permanent"	"Agricole"	20	277.566033583
"126"	"893"	37.436	3.56884303950743	292.992	62.456150271264	0.207009476021577	0.0185794688107943	0.0517665774864178	0.0455790064829191	2.81878406793197	0.12464253113638	0.341786086639886	0.0817708705984849	"Mes"	0.074244168	0.102154161	0.628800425	0.090070281	2082.50168	1	"peu"	132.83	902.4	29.72	1.6	0	1	"Permanent"	"Recreationnel"	NA	1463.70561146
"127"	"893bis"	29.729	3.63576371313893	185.932	49.6430237375384	0.207150024656638	0.0226580037298492	0.0773243196160247	0.0495215255473166	2.67464434016382	0.142636486079693	0.304398523041651	0.0854685347599786	"Mes"	0.141197219	0.001355462	0.718635794	0.081048503	1418.229552	3	"peu"	51.9	199.85	16.26	0.45	0	0	"Temporaire"	"Agricole"	NA	1485.28938983
"128"	"894"	28.722	3.48781892891258	173.157	45.7345164727583	0.206810922711784	0.022975204997035	0.0849834336548433	0.0505968181261213	2.66050693515904	0.152549635741586	0.305408432949631	0.0903743566521502	"Mes"	0.119235408	0.3854125	0.082371318	0.202317977	988.4921973	1	"beaucoup"	34.94	52.68	29.36	1.5	0	0	"Permanent"	"Agricole"	NA	1130.09821044
"129"	"90"	38.607	3.42641084683248	310.279	60.8383798885824	0.206496266833362	0.0177089618253163	0.0448887096462339	0.0432892856785896	2.83749505224246	0.116752116982725	0.344269534477111	0.0776464285183079	"Briere"	0.000704976	0.207482935	0.705586992	0.015988943	2034.691	1	"peu"	57.83	153.32	18.86	0.6	1	0	"Permanent"	"Agricole"	80	279.388396263
"130"	"91"	39.107	3.36821850477309	319.092	61.774862765284	0.206936901670296	0.0177271974641772	0.0427881773290935	0.0423111768076075	2.84421913733588	0.120563957409472	0.347236162396264	0.0764144435737926	"Briere"	0.022074843	0.004061163	0.872694645	0.008663532	1294.158946	1	"beaucoup"	45.98	137.86	18.43	1	1	0	"Permanent"	"Agricole"	50	86.3290051751
"131"	"92"	59.657	1.77665627162586	741.218	46.8592174738574	0.20810065059863	0.0054991301530585	0.00352337415872097	0.00397048826570373	3.05794637360814	0.0429501514772509	0.411305793523689	0.0300935616204728	"Briere"	0.058401759	0.048990201	0.562581169	0.014214052	1719.612647	1	"beaucoup"	297.19	6188.41	14.93	0.85	1	1	"Permanent"	"Agricole"	0	0
"132"	"93"	38.059	3.36613277365137	303.412	58.8210521171814	0.207857639929585	0.0178067683145424	0.047860617101126	0.0457812363377461	2.83039908645536	0.117941970201914	0.345071923825402	0.0785132694914502	"Briere"	0.215280123	0.461896409	0.209587563	0.026105748	1467.771296	2	"beaucoup"	47.97	152.65	16.7	0.35	0	0	"Temporaire"	"Recreationnel"	100	346.043835588
"133"	"932"	55.695	2.37225685847941	647.169	60.6696402185166	0.20822638931389	0.0080116531956618	0.00553652909432608	0.00754998388597449	3.02505630546491	0.0635165179303932	0.399217245981643	0.0447724615061423	"Briere"	0.272131282	0.009519976	0.239911896	0.147983666	986.581617	0	"peu"	339.99	3585.94	14.93	2.21580354	1	1	"Permanent"	"Agricole"	NA	0
"134"	"937"	41.434	3.26807654811272	360.177	62.721636415791	0.208532819985842	0.0158404726202343	0.0342401691751939	0.0392770288116292	2.87601978991869	0.112599836064337	0.355434319746708	0.0754503506021265	"Briere"	0.236290882	0.234993774	0.332794981	0	654.2873646	1	"peu"	64.76	225.82	23.93	0.65	1	0	"Permanent"	"Agricole"	50	22.630050957
"135"	"94"	40.695	3.41872237285549	345.418	64.7770896795105	0.206987200785966	0.0169608986625778	0.0376833974920317	0.0414523223719067	2.8613433346524	0.117829118649087	0.350311481886504	0.077753632002417	"Briere"	0.372553028	0.384760404	0.138348028	0.024091544	934.1560809	3	"beaucoup"	78.44	300.48	19.61	1.3	1	0	"Permanent"	"Agricole"	10	359.648936711
"136"	"949"	37.628	3.66511241970135	297.912	63.2653519768978	0.2083103265538	0.0179107553302266	0.0467300477079081	0.043675089662358	2.82166508323246	0.124865198961172	0.343555236340236	0.0806071978109495	"Briere"	0.10410888	0.050097196	0.368734576	0.191960331	754.2083518	1	"beaucoup"	51.75	208.06	18.86	0.5	1	0	"Temporaire"	"Recreationnel"	NA	606.735705351
"137"	"95"	48.122	3.11204125949525	483.756	67.6016749086178	0.208064303959571	0.0124996044786349	0.0179381955014757	0.0278036495358614	2.95815730438558	0.0954681345791802	0.380540521015256	0.0646868218962049	"Briere"	0.123340581	0.00660461	0.773402817	0.035274868	2157.120423	2	"intermediaire"	179.4	1391.17	12.91	0.6	1	1	"Permanent"	"Agricole"	70	416.970927164
"138"	"954"	41.765	3.23051253073119	365.073	63.8595781125801	0.207914118591644	0.0157093280988148	0.0333594059331134	0.0380402719105901	2.86822583556923	0.109445338803593	0.349268341675943	0.0728874371268427	"Briere"	0.343487541	0.159603807	0.263450969	0.065406172	1231.646184	0	"beaucoup"	77.69	430.94	18	4.277205457	0	0	"Permanent"	"Recreationnel"	NA	445.999191732
"139"	"96"	38.079	3.28017050144021	303.633	58.5049325966464	0.207856878341974	0.0177921171763306	0.04902025860888	0.0445456324259004	2.83030498178375	0.120940353695123	0.344370854809243	0.0808007102216727	"Briere"	0.237114839	0.115402089	0.461395887	0.143733524	1306.797373	2	"beaucoup"	47.04	142.75	25.8	0.7	0	0	"Temporaire"	"Recreationnel"	80	356.46049002
"140"	"960"	46.029	3.31800665583542	443.378	68.6865704556645	0.208254301927433	0.0134894215580112	0.0219995675088701	0.0313170889311847	2.93240405606319	0.100707009763002	0.37316733596849	0.0673109417464227	"Briere"	0.410949313	0.178375252	0.292896227	0.068810895	865.220131	1	"intermediaire"	132.83	1186.87	22.62	2.186283424	0	1	"Permanent"	"Recreationnel"	90	595.509890258
"141"	"961"	31.674	3.5477190292229	211.588	51.8183886414987	0.208197166395276	0.0215737186721396	0.0688058772320109	0.0494452004159384	2.71987818334061	0.133606447192232	0.317106246343586	0.0838207790062739	"Mes"	0.111804128	0.029144684	0.471887143	0.200723801	719.4667761	3	"intermediaire"	86.82	526.39	13.22	1.2	1	0	"Temporaire"	"Recreationnel"	NA	1681.78859597
"142"	"97"	39.525	3.46256615306688	327.197	63.3327026284385	0.207811650965247	0.0172842312598494	0.0402010870124249	0.0429496192167079	2.84910034079831	0.123234798948972	0.347881696420123	0.0783867234627949	"Briere"	0.311052625	0.128971094	0.380252558	0.136727979	1098.327226	2	"intermediaire"	60.37	222.51	26.85	0.9	0	0	"Temporaire"	"Recreationnel"	70	360.651348801
"143"	"98"	37.055	3.43128966261211	287.848	58.3372447937862	0.20784129469298	0.0181000504703911	0.0488025109518068	0.0462039538528956	2.80587596502089	0.121908271585876	0.336761610332706	0.0794006054686839	"Briere"	0.495879582	0.047141501	0.284535776	0.084156379	1004.017934	2	"beaucoup"	44.68	130.85	14.71	0.4	0	0	"Permanent"	"Recreationnel"	100	435.98313607
"144"	"99"	36.69	3.50773491076566	282.892	57.941449304859	0.208359250473911	0.0178384767284931	0.0507173297864446	0.0452195350424286	2.81446516027246	0.127493762945072	0.341801517277705	0.0839412004836156	"Briere"	0.605667762	0.147992657	0.163585346	0.01717291	467.096376	2	"beaucoup"	47.93	87.23	14.93	0.75	1	0	"Permanent"	"Agricole"	95	245.927848945
"145"	"A"	37.588	3.29288613515547	296.966	57.7058299204405	0.208615891190851	0.0185250717798644	0.050178890863866	0.044419130250732	2.82204572307004	0.11841393364139	0.343346102811	0.0793605679483891	"Briere"	0.384018234	0.180919777	0.173151095	0.078604355	1361.190016	2	"beaucoup"	49.6	139.26	17.57	0.85	0	1	"Permanent"	"Recreationnel"	NA	371.098674694
"146"	"B"	36.892	3.47338457421582	284.171	60.2584171368269	0.206743416048414	0.0186242029809174	0.0533836479880502	0.0466537229974161	2.80557258031805	0.125798282598809	0.334969814475568	0.0798561260531632	"Briere"	0.165701075	0.307187822	0.248442868	0.105253565	1179.657943	5	"peu"	48.09	139.94	17.57	0.55	1	0	"Temporaire"	"Recreationnel"	100	483.79106102
"147"	"Bois"	25.164	3.6406535619801	134.944	42.6703600128195	0.208313953333505	0.027121782530765	0.0908378160912342	0.0507401346939013	2.57634284526309	0.16342542320463	0.288312502589526	0.0945365796023818	"Mes"	0.123456517	0.583711534	0.12722016	0.090510766	2205.168093	7	"peu"	26.76	47.26	14.04	0.3	1	0	NA	"Agricole"	NA	1458.04501544
"148"	"C"	37.876	3.38083629506873	300.721	59.8112409463601	0.207907568447339	0.0181694689586382	0.0481427091586727	0.0446125782396491	2.8240103268711	0.125031800818597	0.340380462242706	0.0818943536690874	"Briere"	0.132642322	0.366309302	0.44201337	0.024327811	1163.008408	3	"peu"	59.13	213.91	14.93	0.9	0	0	"Permanent"	"Agricole"	60	627.609117502
"149"	"D"	13.511	3.10540215149705	38.895	19.5661649234031	0.201333024769741	0.0403176934713482	0.139946989908618	0.0756233888021345	2.10535833998324	0.229288778763702	0.218839400004873	0.0906558318006927	"Mes"	0.049614312	0.300422248	0.150649516	0.426098761	1348.093945	0	"peu"	35.61	69.27	11.31	0.2	0	0	"Temporaire"	"Recreationnel"	NA	2322.61828011
"150"	"F"	29.824	3.73563635529196	186.3	51.4096581680228	0.206007176109259	0.0229336320906645	0.0764621804197576	0.050867770643795	2.674942049244	0.148882977673964	0.307250468267563	0.0860111112330664	"Mes"	0.113799208	0.295575184	0.359517079	0.112102087	1619.938528	5	"beaucoup"	58.28	202.59	16.7	5.842975229	0	0	"Permanent"	"Recreationnel"	NA	1466.64688672
"151"	"G"	28.767	3.52123701419119	173.959	46.5046234153014	0.206980916229812	0.023417110100682	0.0814026198717917	0.0501499062334673	2.65765562960177	0.145167770108781	0.30168049496759	0.0858648223834884	"Mes"	0.000570662	0.280498133	0.547886833	0.050204489	1131.811428	3	"peu"	69.39	151.1	14.93	3.793294163	0	0	"Temporaire"	"Agricole"	NA	1471.77988405
"152"	"I"	35.947	3.45921337259747	271.101	58.511198580779	0.207692409604476	0.0191787724199847	0.0549437066995392	0.0478092924152947	2.79795890473925	0.131696844372897	0.337026571560736	0.0859449811117684	"Briere"	0.221955643	0.32196906	0.202157967	0.124238816	670.1332835	3	"intermediaire"	78.29	236.34	19.93	0.6	0	1	"Permanent"	"Agricole"	70	896.875136301
"153"	"J"	41.598	3.3701266673159	361.225	64.5017429985411	0.20731466749255	0.0161509143753037	0.037448790093116	0.0404011070159403	2.87930361954121	0.11435046850234	0.359889359870819	0.0761688590755436	"Briere"	0.310530978	0.004007194	0.228570558	0.208969529	573.1714818	1	"intermediaire"	65.18	277.52	13.36	1.15	1	1	"Permanent"	"Recreationnel"	NA	109.745128199
"154"	"K"	41.739	3.26336153812729	363.749	63.0760539950589	0.207494210210612	0.0161079942155248	0.033528300645856	0.0385107705146249	2.87999768786006	0.111357847509414	0.358806782336991	0.0746881529536269	"Briere"	0.101733425	0.053178963	0.102586922	0.058430784	392.3820498	0	"beaucoup"	57.27	249.38	19.29	1.038420599	1	1	"Permanent"	"Recreationnel"	NA	0.80170061191
"155"	"L"	25.835	3.59202974342887	140.958	43.0759535445679	0.206659229870625	0.0256867880026961	0.0912565755444816	0.0497260699735008	2.58520002029435	0.159137527070672	0.288459222061256	0.0896660899083431	"Mes"	0	0.366600089	0.251887991	0.195200317	1735.374639	2	"peu"	35.53	67.4	37.78	1.15	0	0	"Temporaire"	"Recreationnel"	NA	1501.79464945
"156"	"Sup1"	21.892	3.45257241144284	101.888	34.831748545066	0.207245887463159	0.0290257857761221	0.104085732730851	0.0522881906496878	2.47894053157065	0.171084689549563	0.269792541709029	0.0902505043920597	"Mes"	0.12760119	0.582084895	0.230070506	0.015962605	975.336425	4	"peu"	51.25	126.15	9	0.6	1	0	"Permanent"	"Agricole"	NA	1931.10328292
